gene_id_model V1 V2 V3 V4 V5 V6 V7 V8 V9 V10 V11 V12
645452.1.peg.288 73.403 76.161 79.33 66.054 44.062 4.432 18.747 63.2 42.035 22.525 73.778 21.035
645452.1.peg.1491 22.47 30.764 54.123 75.612 64.099 57.401 96.652 30.272 10.454 54.751 75.819 70.252
645452.1.peg.207 72.544 43.675 94.045 77.252 73.148 92.682 15.946 11.579 82.767 29.827 94.951 90.925
645452.1.peg.666 84.001 57.235 71.111 92.966 52.582 65.399 57.357 42.347 64.041 6.509 72.758 76.965
645452.1.peg.665 2.922 70.461 37.282 22.649 25.973 66.319 22.331 19.853 6.316 7.917 88.506 85.721
645452.1.peg.1081 20.394 52.913 52.124 27.999 20.765 67.961 65.771 29.222 98.917 41.037 54.176 62.237
645452.1.peg.1082 10.917 65.066 60.356 2.435 39.395 38.209 54.915 88.457 49.938 57.143 79.003 73.599
645452.1.peg.2310 58.263 32.684 47.989 78.818 97.633 34.491 46.2 68.204 26.865 91.783 6.511 28.698
645452.1.peg.133 40.234 62.062 32.977 70.424 76.13 34.245 82.846 71.99 82.13 15.679 82.375 24.903
645452.1.peg.900 89.079 24.111 79.84 98.141 93.591 13.611 82.555 33.265 72.508 43.092 34.909 66.745
645452.1.peg.64 29.954 80.198 93.265 44.259 68.919 10.657 72.308 91.588 56.876 34.55 33.49 11.49
645452.1.peg.2561 1.542 30.169 99.308 18.029 92.786 48.141 57.906 26.827 42.171 98.443 34.659 69.461
645452.1.peg.1083 5.13 63.255 33.208 64.384 97.617 34.216 17.289 1.382 72.389 64.53 49.509 95.65
645452.1.peg.1079 79.232 80.752 65.831 48.547 35.757 30.261 73.018 57.612 29.697 75.294 25.338 31.124
645452.1.peg.1085 41.77 31.011 69.905 61.979 91.321 83.502 43.507 49.898 89.25 50.082 79.896 87.289
645452.1.peg.2307 1.951 85.227 70.823 1.026 35.19 19.654 64.59 84.27 82.105 18.028 86.96 95.687
645452.1.peg.2095 39.972 78.552 6.923 91.647 21.664 93.642 62.361 61.814 4.818 55.657 34.806 65.297
645452.1.peg.223 59.959 56.143 97.628 97.452 61.642 88.924 9.992 23.909 92.426 28.574 23.979 4.235
645452.1.peg.3241 51.297 16.435 72.657 20.166 50.094 18.113 67.278 47.147 6.517 54.677 39.638 88.436
645452.1.peg.3246 68.662 38.094 56.937 97.437 66.293 67.712 26.007 79.075 86.46 18.91 56.969 51.821
645452.1.peg.3240 46.022 63.787 91.15 82.331 49.558 45.418 86.931 78.16 13.103 31.385 24.39 99.204
645452.1.peg.3242 42.99 50.287 23.09 97.47 6.365 12.134 8.963 26.589 68.955 1.307 49.6 76.926
645452.1.peg.3244 83.197 44.818 10.203 41.669 10.533 67.874 93.84 93.605 13.974 15.931 66.725 95.094
645452.1.peg.835 89.725 88.602 81.229 65.675 69.094 75.835 88.952 58.145 77.905 56.808 10.552 9.554
645452.1.peg.1461 91.292 48.227 84.538 34.902 61.296 70.301 36.933 79.568 1.657 84.916 11.771 23.001
645452.1.peg.379 46.547 47.759 55.239 96.691 95.651 97.19 28.172 56.529 80.916 22.587 49.209 35.101
645452.1.peg.3067 21.614 37.7 13.416 45.193 26.952 22.836 49.081 46.397 11.297 20.029 61.463 34.417
645452.1.peg.81 68.353 71.331 85.59 87.102 81.708 90.027 67.038 53.854 68.397 46.527 97.734 73.577
645452.1.peg.2886 37.099 35.681 62.305 49.304 58.408 84.24 45.96 45.099 51.714 38.912 53.581 89.356
645452.1.peg.3046 51.126 81.072 70.021 58.55 17.811 86.192 68.644 60.662 82.719 10.095 66.338 8.051
645452.1.peg.3085 18.814 74.803 14.026 76.739 89.135 53.825 74.788 78.432 87.371 22.446 37.957 40.399
645452.1.peg.3028 11.687 93.452 36.784 91.778 7.732 13.148 51.84 19.387 21.127 94.742 35.75 33.787
645452.1.peg.3091 51.142 40.419 17.974 64.414 68.315 2.111 32.717 89.879 76.018 50.721 1.025 74.353
645452.1.peg.2971 11.237 78.825 21.144 15.92 79.245 42.888 24.089 86.885 38.334 49.321 72.216 97.398
645452.1.peg.3656 99.975 65.915 46.849 88.569 34.652 61.185 89.638 1.277 58.814 4.573 95.653 98.679
645452.1.peg.2189 55.63 38.025 23.521 54.785 11.825 4.1 65.897 58.289 26.679 77.799 75.506 71.625
645452.1.peg.2912 75.982 15.325 23.576 59.353 57.61 80.134 21.877 67.338 15.823 46.447 47.61 12.777
645452.1.peg.2913 7.098 5.833 6.791 49.002 21.905 44.484 32.37 8.378 94.517 77.064 70.479 13.09
645452.1.peg.975 98.722 14.691 27.528 10.67 7.805 38.695 8.321 60.969 13.002 92.943 42.543 43.255
645452.1.peg.2662 92.647 55.683 39.033 70.117 13.794 34.828 59.05 25.586 56.278 80.068 51.806 55.714
645452.1.peg.2908 46.512 7.779 91.601 28.534 61.565 93.304 43.767 87.17 94.712 15.608 51.27 6.811
645452.1.peg.358 2.374 86.469 28.76 3.138 78.544 47.882 76.42 88.175 75.488 42.87 91.215 93.055
645452.1.peg.3409 55.998 15.644 37.539 88.755 10.894 74.131 5.862 30.307 45.718 85.359 47.719 51.337
645452.1.peg.191 75.845 31.917 47.939 97.059 7.322 77.891 9.867 79.304 60.115 74.029 32.53 16.875
645452.1.peg.1910 5.733 25.007 47.452 34.291 41.495 90.794 99.819 20.748 96.078 91.88 43.196 64.281
645452.1.peg.2308 93.052 81.358 46.116 84.554 11.094 89.594 37.136 17.062 6.942 51.599 20.509 18.152
645452.1.peg.3051 77.165 37.302 33.819 77.594 5.394 23.047 59.89 30.724 32.456 13.612 19.836 23.689
645452.1.peg.3038 50.55 63.728 81.494 83.468 5.054 34.021 42.731 7.954 94.522 83.381 91.445 61.051
645452.1.peg.2743 51.155 27.069 89.619 31.69 74.298 5.841 11.283 2.437 90.925 38.059 77.536 86.29
645452.1.peg.2007 76.775 38.284 49.252 48.605 81.398 65.706 28.223 77.172 65.491 40.263 1.256 66.391
645452.1.peg.2008 98.942 71.314 58.207 20.485 36.569 39.533 47.565 9.37 11.998 17.369 27.016 86.013
645452.1.peg.1492 44.225 48.677 79.78 68.363 73.421 5.605 5.857 22.364 44.043 79.511 68.869 45.356
645452.1.peg.1074 9.425 40.277 45.878 86.228 34.179 56.689 45.955 16.528 4.001 69.951 41.091 44.669
645452.1.peg.2216 23.957 11.681 56.809 25.929 49.6 60.726 93.791 6.449 72.503 23.743 28.461 47.03
645452.1.peg.1837 91.301 83.528 72.447 39.421 9.72 4.959 86.318 90.064 28.411 21.778 10.319 94.424
645452.1.peg.1733 57.422 59.05 78.567 82.587 46.602 79.155 53.442 99.44 49.26 22.884 25.434 88.194
645452.1.peg.787 6.358 21.806 17.536 67.194 1.27 11.722 47.99 17.746 61.023 89.109 80.731 33.889
645452.1.peg.390 2.675 64.326 24.619 53.826 95.098 50.719 9.071 84.346 13.243 62.507 90.646 39.91
645452.1.peg.970 69.401 94.667 60.539 97.705 44.52 78.626 6.868 1.014 69.384 69.005 70.101 15.42
645452.1.peg.2005 26.757 76.915 48.467 45.519 95.584 78.576 79.83 36.334 53.108 65.151 65.314 67.511
645452.1.peg.2057 56.318 23.807 41.913 6.284 28.265 19.774 29.962 48.367 92.694 56.913 61.338 27.586
645452.1.peg.3175 35.179 57.616 5.591 84.43 15.268 25.004 10.352 81.468 55.12 26.496 6.28 8.832
645452.1.peg.317 78.871 75.423 4.775 32.342 46.348 64.856 99.414 75.231 4.164 30.613 70.615 18.501
645452.1.peg.816 50.055 29.204 95.222 9.605 84.842 3.587 25.385 81.51 69.765 98.608 74.726 81.452
645452.1.peg.2006 92.837 40.721 76.368 81.408 19.528 85.118 35.721 15.306 86.612 64.958 1.901 18.963
645452.1.peg.3458 70.776 63.202 43.957 64.688 8.441 69.258 81.643 94.95 3.494 90.817 15.36 62.128
645452.1.peg.31 30.489 89.2 76.766 35.477 2.231 70.699 6.222 2.782 89.562 37.369 2.709 6.79
645452.1.peg.30 10.889 57.686 65.32 53.349 51.981 38.926 32.952 37.574 95.167 16.235 14.096 8.37
645452.1.peg.29 40.167 69.759 71.678 50.471 99.808 3.853 20.102 34.157 43.851 56.999 37.476 99.541
645452.1.peg.28 35.894 20.796 6.903 37.1 68.571 34.019 40.128 1.35 39.504 75.448 64.331 5.766
645452.1.peg.1759 37.485 25.559 71.426 71.538 40.877 94.936 32.147 9.655 7.592 85.273 6.588 91.328
645452.1.peg.1369 32.701 84.794 13.787 91.998 27.306 73.034 43.414 23.047 80.16 86.552 74.686 53.684
645452.1.peg.3404 26.879 98.249 25.948 63.643 21.685 18.005 82.156 91.432 35.139 44.186 70.706 44.648
645452.1.peg.1368 32.178 37.118 79.609 67.904 39.977 47.309 70.842 39.961 43.09 67.401 47.781 84.042
645452.1.peg.1367 18.921 56.019 49.985 67.23 55.269 94.575 63.055 18.948 75.457 9.053 14.167 83.703
645452.1.peg.1089 4.434 78.349 54.37 73.922 32.707 5.062 50.77 40.039 43.212 9.376 84.093 41.332
645452.1.peg.3406 19.569 86.587 1.451 43.844 27.233 48.606 47.996 44.061 96.496 23.194 67.746 79.838
645452.1.peg.1840 7.589 50.316 32.481 8.759 51.546 49.233 89.581 15.306 99.936 32.021 70.22 41.36
645452.1.peg.93 50.407 58.501 65.885 13.5 20.082 32.695 40.458 72.072 78.189 76.846 42.636 2.17
645452.1.peg.873 31.516 63.616 95.962 26.161 62.259 4.313 42.762 59.663 8.623 2.605 63.942 98.644
645452.1.peg.3408 36.47 33.168 85.354 52.938 81.075 53.448 82.293 96.636 21.915 90.858 8.194 8.357
645452.1.peg.2939 45.365 76.024 31.995 35.823 33.583 8.018 10.181 66.588 87.473 30.052 43.765 36.904
645452.1.peg.2940 33.704 76.374 62.754 81.034 28.465 14.94 58.098 3.223 4.287 48.884 89.341 16.723
645452.1.peg.2942 55.611 65.076 55.752 66.44 26.944 89.619 28.591 70.385 88.008 83.322 84.114 70.878
645452.1.peg.2943 56.931 34.983 75.265 1.676 96.886 67.273 4.854 14.434 42.535 91.708 64.727 49.179
645452.1.peg.131 58.999 27.651 50.678 34.587 45.638 97.67 51.625 55.625 82.678 44.54 55.102 48.949
645452.1.peg.1782 20.76 54.363 15.375 13.134 60.23 57.99 86.967 52.174 62.444 7.355 86.097 94.62
645452.1.peg.2734 47.788 85.177 21.28 63.885 66.194 23.994 17.31 75.37 54.81 4.403 3.369 52.815
645452.1.peg.1246 71.242 13.099 67.962 17.36 44.569 7.529 65.6 6.408 76.259 22.644 86.85 8.688
645452.1.peg.3682 16.995 72.984 51.614 82.939 52.557 95.281 22.176 69.562 6.984 95.189 38.449 89.551
645452.1.peg.2847 59.155 37.381 93.931 83.937 62.205 16.741 70.831 68.67 42.967 6.411 59.398 74.563
645452.1.peg.924 92.617 34.919 11.834 10.27 24.426 66.402 31.025 46.565 84.619 36.696 22.007 63.116
645452.1.peg.3426 92.14 62.303 26.053 53.747 82.053 30.953 13.445 71.011 80.756 38.32 18.89 50.953
645452.1.peg.875 31.516 70.194 80.284 7.359 64.755 65.069 35.06 26.422 36.453 99.516 56.772 93.963
645452.1.peg.2009 78.047 5.626 81.19 51.081 81.994 8.633 46.003 81.085 92.043 26.715 26.992 87.064
645452.1.peg.905 64.122 58.178 46.097 27.768 6.353 98.896 40.245 85.835 42.052 17.212 59.086 67.294
645452.1.peg.2593 80.878 27.591 92.183 77.518 22.18 72.263 50.345 80.865 50.782 57.598 72.921 74.603
645452.1.peg.2557 39.467 14.299 21.392 69.088 55.366 80.736 34.137 4.562 69.108 90.955 72.796 51.291
645452.1.peg.51 19.329 8.048 22.982 76.997 93.766 5.761 28.735 13.98 66.942 92.071 60.991 92.762
645452.1.peg.1844 62.465 53.163 24.283 18.86 40.967 25.605 58.349 72.973 33.899 80.72 17.47 45.717
645452.1.peg.228 10.376 65.234 27.939 68.091 86.82 45.439 61.181 72.96 86.979 85.705 14.227 18.171
645452.1.peg.824 16.805 8.554 6.322 90.887 19.118 32.549 35.712 90.862 78.325 77.041 6.657 27.919
645452.1.peg.2713 9.271 50.348 7.899 38.834 29.619 12.718 20.38 59.267 24.549 60.935 7.695 65.715
645452.1.peg.1630 43.66 20.224 45.581 22.031 50.691 69.359 84.609 87.881 73.138 93.794 60.044 68.957
645452.1.peg.1326 62.348 29.329 7.777 63.814 67.417 29.338 33.226 82.432 23.052 91.907 60.207 56.534
645452.1.peg.2316 12.462 82.259 88.525 48.285 4.493 18.011 44.802 87.687 80.573 80.802 40.425 98.679
645452.1.peg.2470 56.973 32.497 35.789 95.874 70.037 62.829 97.825 6.106 16.538 28.862 39.624 99.191
645452.1.peg.2595 41.952 32.534 91.8 10.484 86.482 70.174 53.857 77.696 14.461 2.376 97.678 27.072
645452.1.peg.685 49.572 98.886 16.85 28.837 37.35 80.874 89.277 51.275 7.909 61.59 57.384 2.734
645452.1.peg.1599 37.796 91.87 63.023 32.588 52.232 53.624 94.033 31.918 36.124 97.845 63.294 15.577
645452.1.peg.94 22.619 30.223 19.347 24.444 12.804 4.08 36.878 53.441 5.703 95.778 36.896 31.291
645452.1.peg.1212 79.05 63.51 18.722 12.187 71.895 71.867 23.996 96.206 55.762 29.922 33.09 40.011
645452.1.peg.839 41.78 31.343 92.319 94.604 24.427 71.213 76.49 10.371 48.063 2.31 41.899 13.297
645452.1.peg.2657 32.104 66.224 21.117 47.627 10.207 67.524 72.735 29.799 5.261 19.125 14.189 84.573
645452.1.peg.838 82.54 1.108 41.275 66.69 11.966 78.357 93.016 65.055 36.13 74.882 2.481 25.182
645452.1.peg.2658 81.12 23.812 55.738 27.995 57.558 61.478 78.074 14.747 47.829 78.79 40.74 73.321
645452.1.peg.2656 38.496 31.7 6.286 16.09 57.716 67.962 94.562 65.544 25.953 68.314 42.33 29.428
645452.1.peg.840 41.471 90.161 80.656 55.098 90.756 27.38 13.233 12.853 92.962 68.497 79.712 13.315
645452.1.peg.2660 93.17 47.17 36.903 10.406 68.136 50.725 67.195 21.336 69.541 49.704 92.044 9.862
645452.1.peg.837 30.678 40.352 7.249 50.544 73.787 87.29 64.898 28.84 88.62 69.506 50.974 56.962
645452.1.peg.2853 92.403 87.794 66.497 20.115 12.16 98.774 63.316 42.339 2.025 39.683 81.39 17.776
645452.1.peg.2850 76.312 45.985 81.434 75.419 23.427 16.031 12.318 70.289 4.753 37.594 77.185 8.581
645452.1.peg.2851 57.876 79.006 58.067 66.443 69.746 38.163 25.526 7.673 42.966 15.432 66.261 81.881
645452.1.peg.2849 57.855 66.522 62.538 25.236 18.348 5.08 52.432 29.156 56.321 92.416 44.86 23.885
645452.1.peg.1632 65.093 73.519 14.118 24.748 70.573 93.219 44.372 17.58 8.308 51.644 99.4 75.52
645452.1.peg.3455 20.901 72.163 24.503 23.58 79.683 56.63 55.252 21.976 7.536 37.482 7.579 91.861
645452.1.peg.1705 47.493 64.041 9.269 61.912 19.381 9.58 20.713 64.477 34.669 10.71 23.575 8.979
645452.1.peg.3055 76.075 45.829 14.145 76.39 11.835 99.5 60.875 36.896 22.201 45.614 72.934 16.653
645452.1.peg.2950 43.48 62.071 70.645 43.051 14.946 44.876 25.154 62.658 20.13 26.9 34.958 27.85
645452.1.peg.2841 79.872 10.839 80.735 60.171 93.365 29.246 94.245 7.62 33.25 77.133 11.522 40.382
645452.1.peg.1878 18.405 16.511 51.908 97.574 75.18 17.325 68.123 19.121 38.514 47.009 72.839 20.82
645452.1.peg.1727 98.595 82.667 59.705 17.64 79.566 80.622 90.952 65.402 47.132 23.946 9.365 86.716
645452.1.peg.1303 71.564 64.944 14.401 65.523 85.372 61.529 21.814 78.48 41.529 14.914 64.376 79.46
645452.1.peg.1304 4.546 85.088 61.723 12.46 78.737 72.957 2.437 33.937 44.615 48.722 69.41 41.113
645452.1.peg.2875 89.882 1.855 19.351 2.886 78.91 29.218 48.135 84.075 76.796 73.835 52.446 81.679
645452.1.peg.2946 85.468 99.625 44.725 83.103 18.226 14.241 50.143 33.584 99.339 50.361 30.73 58.178
645452.1.peg.2947 14.875 14.483 98.075 16.029 36.792 32.929 89.389 55.364 43.385 86.428 66.443 60.981
645452.1.peg.2876 93.39 17.275 38.879 73.425 95.139 84.385 93.868 21.096 85.611 67.419 36.381 43.148
645452.1.peg.1871 60.575 75.858 97.739 90.987 74.528 60.239 22.256 69.229 34.278 99.767 54.469 47.669
645452.1.peg.2381 1.254 55.725 26.986 44.33 51.758 8.227 88.706 8.424 4.807 57.367 64.825 74.833
645452.1.peg.1563 40.525 91.96 79.29 4.156 94.01 50.328 23.688 5.476 94.236 58.136 35.701 48.536
645452.1.peg.3438 69.484 66.771 38.442 3.309 49.105 22.079 43.163 41.087 15.014 60.897 66.622 19.798
645452.1.peg.2165 21.464 45.556 24.651 96.123 61.995 34.333 11.498 27.014 1.124 21.325 52.902 53.474
645452.1.peg.3439 90.384 17.386 89.758 26.036 9.339 94.407 99.13 77.686 71.453 31.276 35.377 19.077
645452.1.peg.2783 85.329 81.785 48.601 22.288 28.81 30.12 5.07 25.469 82.217 12.497 82.169 34.326
645452.1.peg.2782 14.458 48.501 66.347 26.854 93.882 38.791 8.809 34.245 11.837 33.101 17.007 41.649
645452.1.peg.2217 44.177 80.96 33.828 78.569 14.656 90.382 46.867 31.635 99.13 66.742 24.195 52.973
645452.1.peg.2212 98.339 3.249 94.805 41.238 67.087 72.857 10.996 20.887 52.602 69.304 41.128 14.157
645452.1.peg.1693 42.921 98.945 74.757 16.1 33.444 24.988 23.165 87.837 82.8 75.56 35.731 35.218
645452.1.peg.50 88.287 35.655 85.513 89.927 17.271 74.042 58.826 70.623 21.193 78.694 59.587 55.559
645452.1.peg.3227 27.312 57.193 38.019 60.107 73.938 89.42 96.921 71.562 31.114 26.893 31.489 9.359
645452.1.peg.1710 63.233 9.904 82.423 14.92 62.957 3.154 72.439 40.35 93.887 38.85 94.837 58.034
645452.1.peg.378 15.102 11.859 63.245 71.637 33.496 67.392 48.922 93.127 25.286 25.694 35.359 40.741
645452.1.peg.800 49.688 99.268 76.431 22.417 12.351 39.86 79.989 47.957 55.199 20.062 47.736 26.455
645452.1.peg.3068 27.545 46.898 74.896 4.783 49.243 62.333 45.341 8.055 42.947 97.225 34.911 29.977
645452.1.peg.3086 81.365 71.565 34.772 33.723 35.988 93.413 97.97 25.356 67.217 10.482 11.133 24.539
645452.1.peg.3047 37.6 7.382 11.842 16.963 8.112 52.533 57.866 67.319 25.696 93.032 66.887 48.973
645452.1.peg.2440 61.648 18.187 69.119 59.226 51.1 28.869 2.786 10.895 39.489 12.109 15.958 4.824
645452.1.peg.3545 42.714 34.68 99.681 11.069 69.139 69.415 43.783 46.96 26.345 86.118 99.277 59.968
645452.1.peg.872 43.462 77.706 78.807 99.234 25.686 77.134 19.32 68.755 96.977 62.575 86.287 62.095
645452.1.peg.2486 42.136 7.273 73.158 98.616 64.323 16.561 22.601 12.207 25.742 79.98 47.611 92.492
645452.1.peg.1803 49.174 66.898 36.574 89.989 80.802 78.571 92.593 47.382 24.751 78.199 22.991 22.778
645452.1.peg.3224 54.737 29.767 80.581 60.384 57.802 43.558 76.017 69.154 70.981 64.743 31.342 18.51
645452.1.peg.1636 48.231 73.611 69.185 61.131 61.807 10.612 17.215 93.28 76.821 65.133 34.363 99.546
645452.1.peg.381 4.117 2.791 58.688 48.487 73.631 99.851 26.77 19.597 87.577 20.202 50.17 86.216
645452.1.peg.2682 79.709 91.671 57.183 23.971 70.962 93.728 99.221 75.079 19.526 88.475 92.534 27.07
645452.1.peg.1704 92.942 29.508 50.095 5.901 50.024 21.11 25.215 43.364 26.943 80.842 5.886 86.775
645452.1.peg.1234 72.327 76.166 67.105 8.907 81.541 37.168 68.05 76.69 36.912 17.641 67.935 8.434
645452.1.peg.2027 26.284 31.439 91.027 31.865 84.637 98.05 48.473 32.987 71.114 58.451 9.87 34.348
645452.1.peg.2344 24.647 94.81 53.455 77.512 6.625 43.077 42.693 67.544 70.564 37.611 62.688 19.435
645452.1.peg.2311 83.136 27.796 16.935 58.627 33.013 41.892 9.176 1.391 28.364 55.057 2.715 88.485
645452.1.peg.1 74.182 32.625 28.587 34.051 88.841 80.393 93.085 79.09 29.818 46.249 65.358 92.761
645452.1.peg.1251 20.204 25.72 7.802 42.991 83.301 41.343 34.772 85.442 37.725 26.151 93.477 86.019
645452.1.peg.1325 81.059 68.535 29.407 95.49 99.314 29.216 91.719 8.552 16.388 46.997 68.887 95.914
645452.1.peg.2230 87.797 92.955 84.464 21.356 85.625 38.423 49.742 5.137 40.89 89.24 9.398 50.96
645452.1.peg.2355 90.75 84.326 20.581 19.276 4.334 3.181 34.448 54.71 97.977 95.27 48.53 10.804
645452.1.peg.2469 77.928 42.541 82.386 89.023 91.514 24.405 47.275 54.398 9.427 67.556 83.707 74.838
645452.1.peg.2824 73.209 79.895 94.46 83.491 94.843 36.85 98.101 92.138 26.266 14.059 23.016 85.277
645452.1.peg.3344 13.029 28.51 40.037 9.156 69.307 10.61 80.237 82.477 25.142 39.927 52.708 8.681
645452.1.peg.3414 88.823 67.181 69.338 78.463 27.413 66.377 63.138 10.602 32.812 63.536 20.674 13.601
645452.1.peg.988 78.966 90.968 2.728 12.964 35.933 72.77 45.609 53.972 44.638 26.267 53.292 50.222
645452.1.peg.1474 62.78 5.45 91.135 95.672 81.494 81.036 12.763 49.496 16.911 54.981 71.387 57.719
645452.1.peg.1475 42.163 2.604 32.095 88.623 64.629 13.041 72.935 46.91 11.266 23.562 7.98 24.879
645452.1.peg.3465 96.317 73.272 41.181 35.323 34.248 78.621 1.016 65.847 1.501 99.395 50.224 18.867
645452.1.peg.3463 11.532 78.569 85.485 66.425 49.487 56.649 21.141 7 68.605 9.453 62.972 34.105
645452.1.peg.3464 41.908 55.268 32.161 43.765 19.259 6.569 34.259 28.209 29.208 28.484 62.801 34.568
645452.1.peg.3468 3.964 36.116 42.945 65.247 68.596 63.212 20.318 53.954 82.522 23.82 85.604 23.704
645452.1.peg.3460 9.026 19.322 79.436 78.048 47.915 39.431 13.021 79.579 44.828 90.123 34.644 21.238
645452.1.peg.3461 88.311 19.412 71.325 76.615 48.052 92.364 86.15 6.274 70.038 51.201 84.472 22.142
645452.1.peg.3462 46.526 8.919 21.286 33.278 31.768 16.531 45.641 29.563 90.836 56.04 93.575 97.714
645452.1.peg.3466 74.745 27.34 71.143 57.093 3.831 17.357 52.272 53.544 43.643 77.988 6.954 92.207
645452.1.peg.3459 58.534 24.55 6.56 54.289 8.552 63.573 56.124 21.026 31.348 93.391 13.594 54.497
645452.1.peg.3554 16.53 28.358 2.46 74.909 57.851 63.378 85.365 41.103 31.801 65.785 89.799 69.761
645452.1.peg.2663 28.882 18.686 27.453 76.618 33.577 16.717 12.799 27.576 89.959 81.696 45.432 63.474
645452.1.peg.2664 27.296 3.689 16.272 90.331 12.149 60.761 61.741 92.258 80.482 62.286 15.847 19.312
645452.1.peg.2665 62.752 73.873 82.448 48.969 41.593 12.482 67.012 18.384 31.294 96.912 34.624 96.449
645452.1.peg.785 90.239 55.314 1.9 8.72 10.759 32.989 88.178 68.77 78.15 74.289 15.332 28.278
645452.1.peg.2666 67.213 30.735 88.82 68.265 39.704 7.142 42.323 80.057 83.421 85.072 84.549 44.592
645452.1.peg.1913 14.351 78.53 57.832 41.33 77.428 75.682 44.383 41.799 40.503 65.417 74.767 79.867
645452.1.peg.1912 28.544 4.315 74.717 93.108 95.094 42.165 28.979 82.21 93.416 15.451 47.838 42.303
645452.1.peg.2914 95.893 34.396 80.509 72.069 27.334 26.174 56.543 21.58 23.664 90.609 63.022 82.916
645452.1.peg.311 65.416 9.152 78.508 77.113 2.97 84.308 50.867 40.989 53.714 91.872 98.886 78.06
645452.1.peg.2407 65.732 48.467 66.079 13.654 17.844 7.732 83.401 55.131 44.37 98.774 62.989 6.225
645452.1.peg.18 84.908 90.436 90.505 22.186 26.978 98.932 65.787 86.47 28.173 91.478 75.979 98.627
645452.1.peg.2352 73.662 82.093 10.66 48.917 86.101 13.529 9.571 56.904 10.748 81.705 54.343 99.311
645452.1.peg.1407 58.726 71.344 60.933 99.754 74.911 23.487 70.926 27.988 58.723 98.702 21.568 48.01
645452.1.peg.2338 96.028 29.513 76.899 52.092 68.523 92.249 71.624 88.288 43.264 35.726 6.886 83.207
645452.1.peg.2931 64.038 37.112 36.197 73.796 16.622 62.709 97.501 44.613 49.712 28.655 5.874 80.109
645452.1.peg.1405 57.502 52.985 18.571 54.048 31.926 43.564 25.942 47.589 48.939 93.368 26.813 84.874
645452.1.peg.2933 66.04 86.34 18.447 73.181 17.2 81.638 64.682 32.756 13.698 23.979 25.288 62.548
645452.1.peg.1406 18.601 41.045 92.083 7.408 6.953 61.311 49.885 98.93 11.966 39.764 9.476 70.082
645452.1.peg.2932 20.351 18.018 15.612 11.485 28.066 96.377 8.177 55.298 35.829 39.349 17.835 34.748
645452.1.peg.912 27.13 92.351 15.769 65.985 20.117 46.947 23.281 9.72 41.949 27.756 84.851 8.078
645452.1.peg.3586 65.921 83.04 19.645 54.009 38.159 7.206 22.791 41.38 96.023 72.292 32.609 65.908
645452.1.peg.3587 26.024 92.467 14.824 2.087 40.744 41.122 80.416 86.794 65.138 5.515 65.829 35.962
645452.1.peg.3588 50.43 33.324 88.513 25.213 6.532 97.42 92.389 83.942 81.612 46.457 50.901 28.331
645452.1.peg.3589 73.23 12.02 46.923 5.11 92.2 42.262 11.309 89.293 94.389 25.142 93.859 66.89
645452.1.peg.1641 1.784 56.705 35.89 88.071 10.2 87.213 19.06 92.141 23.957 72.515 46.843 16.114
645452.1.peg.552 6.078 25.398 70.014 65.369 83.09 83.799 34.103 17.83 2.196 18.591 74 97.034
645452.1.peg.3562 40.853 13.476 80.111 82.686 46.566 4.43 2.667 49.978 87.917 21.555 85.567 29.81
645452.1.peg.3675 16.681 10.742 1.518 87.927 55.855 31.467 94.3 85.023 47.351 16.785 52.252 36.044
645452.1.peg.1605 88.895 58.536 58.809 17.117 60.951 69.002 8.569 1.383 34.542 83.74 89.654 60.237
645452.1.peg.141 20.087 14.306 27.843 58.202 90.654 90.066 1.683 15.439 47.255 78.487 28.672 87.3
645452.1.peg.2888 23.628 64.783 22.393 2.443 77.771 50.85 60.599 55.297 72.11 22.631 67.99 33.582
645452.1.peg.3031 89.849 13.454 93.203 65.043 30.077 46.982 37.279 90.695 53.4 47.224 49.49 98.689
645452.1.peg.3417 3.643 37.965 72.572 67.497 33.077 8.69 45.611 30.242 80.82 28.223 8.299 66.313
645452.1.peg.3672 59.89 71.167 4.81 75.054 73.518 3.886 45.979 96.398 58.56 53.583 64.224 55.609
645452.1.peg.845 60.158 56.508 29.084 29.362 97.116 11.571 65.328 51.432 9.951 44.328 49.343 88.023
645452.1.peg.2887 76.691 52.105 94.252 45.603 50.185 17.215 85.036 89.816 45.512 67.525 3.682 20.02
645452.1.peg.3030 70.662 22.193 54.072 67.261 79.367 86.369 53.741 89.925 30.098 1.614 71.756 91.644
645452.1.peg.3677 92.89 37.317 72.495 7.091 72.429 97.214 81.892 24.135 82.192 12.152 14.067 40.173
645452.1.peg.3416 8.379 55.139 59.799 10.6 16.443 25.339 99.272 3.262 20.778 31.785 51.899 2.406
645452.1.peg.2991 66.34 79.365 45.996 19.988 46.729 54.706 95.751 12.375 98.687 93.025 66.9 31.371
645452.1.peg.142 7.385 95.076 47.379 51.047 65.275 55.504 42.146 33.137 37.551 72.758 64.942 97.688
645452.1.peg.2884 23.053 39.431 61.008 15.235 81.012 12.333 94.921 62.115 87.186 1.782 34.228 57.851
645452.1.peg.3674 63.582 60.3 81.782 58.904 97.803 65.16 62.538 87.95 34.588 46.391 22.477 16.859
645452.1.peg.3029 13.006 34.168 12.433 25.1 2.577 64.499 57.294 40.475 91.628 62.267 24.466 60.651
645452.1.peg.140 69.667 96.635 35.436 42.955 33.881 19.226 90.531 80.799 14.121 73.112 66.81 21.546
645452.1.peg.3418 5.106 4.473 22.071 19.118 80.651 62.737 79.329 64.947 7.489 19.015 48.265 95.831
645452.1.peg.846 94.871 83.884 93.912 57.144 10.344 47.128 93.314 59.515 36.225 42.978 3.931 65.52
645452.1.peg.1855 78.062 82.181 27.827 29.529 69.945 94.989 4.087 8.822 82.771 45.71 59.979 42.634
645452.1.peg.1854 82.541 85.267 53.532 36.471 3.452 34.719 88.765 88.227 74.984 24.228 31.558 29.481
645452.1.peg.1644 73.376 81.511 59.102 85.59 78.895 30.917 40.391 13.517 40.033 62.319 52.278 73.056
645452.1.peg.199 44.381 75.701 16.086 35.856 5.425 67.218 5.208 43.51 89.682 99.062 23.972 86.98
645452.1.peg.3375 31.444 39.229 21.746 93.728 47.285 32.873 64.564 3.141 82.846 78.02 3.473 34.032
645452.1.peg.1850 7.336 49.743 89.113 52.18 84.634 51.697 27.995 67.163 83.42 61.068 41.678 50.455
645452.1.peg.2099 76.843 32.716 67.816 57.102 44.958 9.408 54.185 3.532 22.686 8.874 77.408 1.322
645452.1.peg.3346 10.877 45.03 81.084 17.915 78.092 63.711 76.099 34.322 96.742 70.113 90.164 38.675
645452.1.peg.3362 49.948 31.035 73.44 45.733 94.347 83.61 4.882 7.774 7.563 32.824 32.837 63.192
645452.1.peg.3395 4.243 88.901 2.38 50.226 51.497 25.78 80.229 19.015 96.228 88.682 15.173 84.954
645452.1.peg.3397 76.624 40.113 47.989 86.24 2.865 74.943 44.735 26.877 95.748 22.909 75.849 34.026
645452.1.peg.3396 91.315 3.89 37.526 50.149 79.246 92.476 3.412 60.825 60.259 85.712 47.519 83.564
645452.1.peg.3398 52.674 83.162 84.882 52.941 7.718 80.299 9.514 15.907 76.754 60.499 38.028 56.402
645452.1.peg.3394 76.553 58.894 14.248 74.143 56.368 49.139 19.044 7.449 71.03 20.876 60.044 19.047
645452.1.peg.341 20.154 18.961 51.44 24.527 5.202 80.209 12.909 36.774 17.442 31.928 28.195 8.263
645452.1.peg.3307 1.284 80.047 68.227 62.893 98.433 73.938 40.725 68.19 95.671 99.119 95.542 88.967
645452.1.peg.3308 94.153 60.256 73.019 97.179 94.072 52.566 63.884 36.857 16.286 27.234 48.364 74.082
645452.1.peg.2727 7.322 36.509 46.697 16.556 71.892 80.119 98.643 69.629 47.62 32.968 12.665 45.764
645452.1.peg.3358 45.566 28.788 4.297 35.207 45.928 98.775 94.144 99.687 59.962 10.254 15.313 17.739
645452.1.peg.3405 71.117 75.541 66.419 2.062 58.468 17.497 2.994 63.355 11.685 40.439 73.925 19.184
645452.1.peg.1596 71.06 21.043 56.706 83.085 59.287 89.115 35.476 68.416 92.286 84.655 34.759 75.788
645452.1.peg.1900 17.941 55.271 82.06 47.486 45.02 59.737 20.303 37.819 66.935 70.938 9.082 57.994
645452.1.peg.2683 79.945 43.774 29.041 8.017 66.693 45.017 64.965 93.065 88.019 53.189 34.955 16.532
645452.1.peg.2721 30.727 63.955 95.91 71.587 50.847 3.091 12.617 86.646 27.54 70.708 16.817 29.827
645452.1.peg.2972 21.224 14.911 18.795 80.571 6.254 33.867 86.815 22.186 54.789 67.45 24.805 76.074
645452.1.peg.2421 91.958 43.023 22.867 22.151 55.69 94.178 23.046 32.265 53.603 7.538 93.557 18.99
645452.1.peg.764 16.552 63.642 89.419 70.648 86.14 99.485 91.833 50.218 83.307 31.621 56.572 62.608
645452.1.peg.511 66.576 38.736 66.151 25.085 56.285 54.981 26.711 57.179 41.282 45.199 90.35 42.782
645452.1.peg.1836 65.719 34.995 85.733 7.539 31.586 18.82 73.336 16.291 49.314 17.618 3.283 71.874
645452.1.peg.2089 67.782 58.528 41.042 37.217 81.762 11.476 29.073 79.029 47.32 63.098 46.948 37.623
645452.1.peg.2422 74.068 40.919 91.759 44.921 80.03 46.428 52.703 13.687 72.678 42.26 60.603 49.465
645452.1.peg.2155 36.29 31.812 57.564 48.468 2.048 30.432 10.723 18.49 79.621 54.768 69.985 3.309
645452.1.peg.2833 20.979 40.874 56.455 11.346 5.545 89.416 80.342 18.423 34.639 98.712 97.529 11.697
645452.1.peg.3221 44.588 37.144 53.504 49.99 78.719 91.601 61.622 55.801 96.372 12.194 49.499 63.006
645452.1.peg.1827 84.633 16.172 92.006 73.574 80.135 64.067 2.272 29.436 49.832 41.821 3.85 15.937
645452.1.peg.2026 98.329 25.503 95 68.047 62.967 44.352 96.343 96.178 57.983 24.041 43.153 1.837
645452.1.peg.2575 15.516 90.476 3.795 48.733 91.058 54.509 73.121 38.602 78.531 16.732 26.295 56.541
645452.1.peg.2114 71.08 38.743 67.547 3.913 1.417 25.488 4.955 65.655 38.178 29.095 8.764 95.533
645452.1.peg.1708 48.814 89.424 40.641 58.246 2.384 90.655 63.749 44.285 77.232 76.184 65.626 72.838
645452.1.peg.1707 39.646 19.917 36.559 15.167 33.778 82.954 6.716 81.538 3.923 55.695 97.451 55.926
645452.1.peg.1872 97.41 11.698 44.885 66.536 18.505 28.582 31.962 15.134 41.52 30.828 69.637 57.797
645452.1.peg.3469 92.6 24.989 69.394 23.089 16.058 6.761 5.798 17.366 39.419 25.811 95.698 50.523
645452.1.peg.2874 60.383 38.97 46.812 64.625 55.328 52.458 79.27 83.124 68.438 38.855 7.706 83.067
645452.1.peg.2948 23.089 97.334 17.655 84.711 10.623 82.667 34.673 6.001 74.019 21.008 45.6 23.962
645452.1.peg.1375 37.602 19.696 95.311 20.953 41.939 79.659 17.749 69.72 34.452 85.112 53.764 96.11
645452.1.peg.1851 90.507 51.61 94.475 24.56 59.594 11.185 20.034 17.886 28.746 69.035 81.341 24.018
645452.1.peg.3668 76.469 36.489 96.176 64.113 78.387 39.752 65.643 69.078 40.875 73.077 27.756 66.26
645452.1.peg.3654 76.662 43.852 66.874 68.693 19.177 20.356 27.577 19.112 34.055 89.636 69.724 87.209
645452.1.peg.2573 42.113 99.581 51.352 96.926 47.875 66.268 57.576 95.665 58.2 88.625 31.297 76.093
645452.1.peg.1987 4.217 48.545 66.161 15.362 9.212 44.861 81.129 32.227 9.677 35.556 6.862 22.638
645452.1.peg.3226 19.732 70.976 46.554 91.028 93.736 69.983 34.66 49.025 46.686 74.78 82.932 56.817
645452.1.peg.3229 55.344 94.154 57.727 25.936 80.479 21.901 93.951 7.941 28.167 91.045 12.86 29.591
645452.1.peg.3223 68.603 36.842 31.81 41.459 70.82 93.213 86.119 54.094 40.507 55.491 77.801 15.049
645452.1.peg.3225 4.755 6.86 93.477 48.666 42.584 13.931 2.181 65.408 27.686 24.43 44.841 46.152
645452.1.peg.49 63.733 18.854 76.834 75.612 86.347 59.962 95.331 27.294 46.835 38.386 13.642 70.846
645452.1.peg.2809 97.998 19.531 59.247 92.018 21.933 77.296 62.931 39.319 35.178 75.03 63.91 21.726
645452.1.peg.2810 51.747 84.623 96.454 16 47.799 97.459 95.679 97.412 83.303 72.466 63.451 3.89
645452.1.peg.3255 86.253 36.165 72.808 85.786 87.796 52.931 4.121 2.867 71.561 56.784 24.593 35.888
645452.1.peg.1373 62.086 21.466 67.314 18.021 23.675 2.467 1.225 61.875 85.296 41.36 52.944 94.337
645452.1.peg.1363 87.947 31.601 30.424 26.898 65.776 26.604 71.894 90.85 39.285 23.709 61.141 15.495
645452.1.peg.2050 7.463 64.953 68.686 91.154 3.565 37.458 33.663 55.845 97.23 25.699 73.409 71.896
645452.1.peg.3171 6.368 37.128 67.29 21.829 27.255 24.854 98.065 32.606 48.281 60.74 98.56 15.169
645452.1.peg.192 24.759 14.894 15.349 86.759 99.228 52.474 20.866 33.837 36.066 39.67 68.587 18.901
645452.1.peg.193 71.178 74.873 46.7 36.869 56.564 99.991 6.407 38.537 64.94 75.479 52.857 80.3
645452.1.peg.1453 3.399 51.67 16.291 18.482 54.698 4.72 42.217 38.838 21.122 26.812 17.503 61.188
645452.1.peg.3170 45.297 19.782 66.31 90.179 67.483 34.887 87.782 74.09 29.952 6.983 10.256 30.27
645452.1.peg.2056 21.094 18.539 88.258 1.517 20.286 53.383 74.802 48.809 48.13 46.353 39.613 74.594
645452.1.peg.1372 76.103 82.1 28.372 86.121 92.599 9.704 93.773 19.015 36.765 19.159 64.67 49.27
645452.1.peg.1362 13.505 46.675 83.204 60.658 31.185 5.975 94.375 98.426 18.523 75.927 27.427 4.524
645452.1.peg.1852 78.04 90.348 53.638 86.907 89.515 16.387 98.949 45.889 90.3 68.341 58.645 58.959
645452.1.peg.221 12.824 22.951 63.048 95.892 34.204 32.28 62.339 64.627 65.796 94.938 43.87 74.918
645452.1.peg.16 54.1 19.316 33.948 76.44 35.3 39.969 7.677 55.807 2.046 6.008 88.979 83.017
645452.1.peg.1838 15.346 95.192 9.811 81.751 89.079 73.695 33.387 92.783 53.991 38.861 90.445 19.626
645452.1.peg.2160 36.187 24.156 93.544 35.654 59.871 71.719 22.384 26.693 85.78 96.219 83.418 78.399
645452.1.peg.2161 64.96 90.323 81.087 62.77 14.254 54.928 10.084 77.092 52.31 26.162 46.254 17.4
645452.1.peg.1026 77.626 52.09 37.945 28.536 60.843 80.305 89.452 29.879 54.901 2.622 42.591 59.523
645452.1.peg.195 25.45 56.07 73.361 44.084 8.471 3.016 58.407 27.397 63.135 30.914 36.898 91.206
645452.1.peg.313 46.424 6.57 68.765 31.067 68.257 23.024 48.639 32.447 27.549 55.04 22.922 93.157
645452.1.peg.1591 55.167 23.445 45.172 22.4 93.46 72.254 17.681 6.398 13.739 18.317 73.9 2.361
645452.1.peg.314 95.668 91.813 58.137 93.716 16.359 24.788 69.201 13.211 23.956 13.463 37.564 81.96
645452.1.peg.1589 96.863 99.66 9.969 70.833 21.452 89.722 64.292 75.678 65.577 49.295 55.245 89.711
645452.1.peg.315 88.203 88.966 26.486 97.063 43.289 57.589 80.072 88.492 65.7 15.678 71.337 82.029
645452.1.peg.1590 58.96 6.145 70.532 79.936 2.286 84.134 22.503 80.981 3.37 8.159 46.661 43.799
645452.1.peg.316 92.324 53.635 79.855 70.029 24.017 91.104 42.156 48.897 64.744 64.415 25.076 1.876
645452.1.peg.1426 80.308 32.251 2.885 16.759 95.927 28.571 27.629 55.62 89.233 57.309 98.541 41.58
645452.1.peg.3544 25.783 67.204 79.819 38.28 16.662 42.814 48.601 39.139 14.885 95.153 59.19 95.987
645452.1.peg.1568 22.229 59.623 30.954 26.337 34.632 10.812 20.644 80.584 83.042 1.054 23.144 14.74
645452.1.peg.135 14.445 97.562 30.063 27.38 1.024 77.574 2.391 48.514 54.416 47.891 10.114 27.551
645452.1.peg.2382 39.411 16.341 26.294 6.348 25.77 76.741 15.192 57.954 42.985 31.773 7.23 37.1
645452.1.peg.2110 52.959 2.36 49.811 91.202 35.151 51.914 95.5 66.577 2.864 6.812 22.424 36.698
645452.1.peg.118 61.343 4.295 80.367 96.165 35.297 62.885 49.833 91.503 94.755 72.679 19.162 35.056
645452.1.peg.540 48.246 7.132 53.673 53.384 4.236 83.249 38.061 41.353 3.138 62.737 28.233 3.787
645452.1.peg.384 96.392 30.455 99.032 19.162 20.91 49.498 17.271 72.661 94.18 10.746 83.457 75.583
645452.1.peg.3166 87.253 33.106 53.248 54.778 83.577 42.372 42.93 41.096 59.855 57.236 31.7 55.134
645452.1.peg.1785 70.006 54.617 56.583 60.959 37.227 6.957 81.988 52.528 7.797 59.241 85.164 65.606
645452.1.peg.973 29.86 8.388 52.314 53.335 25.354 23.038 9.455 23.901 19.22 20.606 6.921 40.175
645452.1.peg.784 95.007 56.168 65.035 16.249 33.146 45.765 3.393 98.673 49.979 43.069 70.311 61.593
645452.1.peg.2263 86.226 5.001 44.112 48.251 81.323 86.666 87.076 47.042 78.744 46.944 52.302 84.304
645452.1.peg.3162 30.258 42.336 42.967 25.673 28.816 96.312 61.323 55.924 86.58 95.037 70.066 75.795
645452.1.peg.1885 34.639 24.936 56.564 45.368 46.726 71.067 85.406 82.396 77.165 16.649 85.259 6.307
645452.1.peg.1884 72.97 83.437 90.655 38.503 60.927 50.744 48.998 72.777 49.564 40.648 88.473 74.458
645452.1.peg.1895 91.209 44.214 67.656 3.062 33.597 23.922 74.789 90.296 36.492 98.971 36.083 66.24
645452.1.peg.722 73.481 87.568 54.372 46.21 19.659 14.706 43.55 21.053 31.864 71.767 40.776 32.412
645452.1.peg.394 44.973 88.067 53.427 62.356 24.148 76.388 22.048 53.036 50.254 27.268 99.233 81.485
645452.1.peg.3096 42.61 36.744 60.587 45.758 96.583 36.145 24.7 7.958 93.936 50.373 62.728 42.904
645452.1.peg.102 30.446 43.987 70.285 77.584 89.717 69.97 52.441 48.15 50.705 16.737 17.425 99.322
645452.1.peg.751 6.004 98.842 16.419 63.518 68.934 23.131 12.344 86.465 95.497 59.56 70.514 23.013
645452.1.peg.3322 91.364 36.392 15.003 68.56 85.834 40.308 86.71 39.736 56.321 99.563 55.955 45.002
645452.1.peg.3323 4.691 53.309 88.97 61.154 50.788 29.666 12.648 67.005 81.264 41.548 43.436 4.838
645452.1.peg.3324 51.167 73.87 94.092 53.936 23.05 76.832 95.781 86.398 25.395 97.714 43.936 65.644
645452.1.peg.3325 61.433 31.709 70.03 64.88 66.355 1.139 16.537 98.751 49.969 55.685 50.463 95.622
645452.1.peg.3279 46.284 94.417 43.482 76.988 63.452 13.972 66.244 16.456 41.522 18.09 80.318 76.565
645452.1.peg.1444 35.6 33.352 19.545 77.586 20.783 76.068 37.99 60.988 31.572 8.17 30.584 90.375
645452.1.peg.1402 52.244 34.289 26.418 46.204 44.421 94.984 46.013 67.685 63.067 90.571 17.374 49.621
645452.1.peg.1654 81.356 75.18 82.74 95.893 1.265 26.733 60.346 35.469 70.054 33.056 49.162 12.109
645452.1.peg.1653 96.334 83.304 15.061 94.875 95.24 23.921 42.424 2.658 79.116 73.983 47.787 62.266
645452.1.peg.1652 89.319 53.287 2.351 54.565 2.707 9.959 28.859 6.987 96.81 14.735 12.744 7.172
645452.1.peg.1651 48.038 82.311 89.808 79.308 23.908 51.367 63.639 80.139 32.182 82.867 5.588 71.145
645452.1.peg.1227 7.236 63.758 76.094 31.553 68.563 51.945 4.558 98.346 10.64 58.023 86.472 43.409
645452.1.peg.698 43.612 47.709 79.685 11.375 67.333 86.908 97.326 8.863 1.433 83.775 84.583 87.13
645452.1.peg.2206 54.175 96.455 24.723 20.527 48.87 52.999 54.4 57.601 51.242 7.764 55.158 73.359
645452.1.peg.3374 44.244 31.254 3.845 22.099 90.422 76.856 64.906 46.684 12.59 59.923 7.043 44.154
645452.1.peg.3209 83.43 43.026 44.86 38.12 8.961 93.073 59.27 14.369 14.487 42.728 12.07 15.081
645452.1.peg.3277 14.431 6.884 91.235 39.329 36.233 36.521 52.46 76.138 99.973 34.972 89.757 16.523
645452.1.peg.2246 40.112 74.977 96.911 47.85 88.392 97.577 49.134 11.124 87.125 89.071 77.738 82.93
645452.1.peg.2245 36.16 21.406 57.137 5.353 90.839 81.465 31.218 80.566 72.403 39.501 83.813 48.011
645452.1.peg.216 58.004 32.14 57.068 7.046 47.752 63.442 15.021 6.337 2.613 13.789 76.284 6.633
645452.1.peg.3095 80.796 5.971 31.314 87.47 51.074 24.059 8.442 76.443 13.858 2.999 51.201 21.471
645452.1.peg.2550 57.433 57.571 65.864 26.564 97.427 82.183 28.124 98.21 52.791 59.927 96.697 22.004
645452.1.peg.217 30.603 54.756 8.26 15.75 57.031 91.86 44.409 24.338 21.631 91.007 19.906 31.239
645452.1.peg.2958 52.518 29.417 2.225 36.129 44.009 41.431 8.931 26.113 39.32 39.925 44.279 5.676
645452.1.peg.2959 72.976 90.711 1.936 26.839 9.108 3.906 17.207 39.992 67.339 94.261 4.614 79.974
645452.1.peg.2473 16.825 53.221 44.48 70.214 21.777 64.215 41.401 4.676 77.871 90.035 50.93 55.511
645452.1.peg.215 52.16 60.329 45.157 24.861 56.893 1.918 51.042 88.609 96.488 14.758 16.006 38.047
645452.1.peg.2750 81.307 69.03 43.366 64.777 18.568 95.293 48.171 26.655 35.58 11.767 2.428 85.562
645452.1.peg.3448 22.484 31.037 92.585 88.879 16.83 20.214 12.713 26.083 47.384 11.706 9.088 84.703
645452.1.peg.697 70.275 78.12 48.079 40.42 68.87 75.009 5.744 87.714 74.66 16.867 32.672 47.087
645452.1.peg.914 56.702 67.143 7.174 80.679 58.618 41.924 64.028 5.579 25.336 6.809 10.19 98.941
645452.1.peg.915 57.849 21.855 90.255 56.869 1.875 52.151 33.967 50.957 50.081 6.9 33.254 82.303
645452.1.peg.2413 9.45 39.098 1.082 30.877 61.885 18.754 96.834 86.563 98.951 95.155 34.421 10.112
645452.1.peg.3510 76.64 37.244 7.65 33.335 75.467 22.89 98.877 96.993 42.722 40.345 12.164 24.859
645452.1.peg.232 52.019 67.911 44.505 74.923 87.274 52.4 15.529 3.253 14.63 41.513 92.184 34.563
645452.1.peg.2618 99.957 6.479 83.334 55.49 7.624 73.721 82.067 63.427 46.283 67.102 65.644 77.736
645452.1.peg.1078 28.36 79.834 87.807 65.309 77.352 8.032 97.814 66.539 9.059 64.191 63.812 96.077
645452.1.peg.2617 52.679 7.556 92.407 9.182 91.791 32.239 81.202 99.535 66.611 43.025 93.457 3.339
645452.1.peg.925 61.721 8.99 27.211 53 32.934 76.653 47.574 9.605 42.994 53.785 30.694 71.761
645452.1.peg.3290 73.754 60.526 53.003 74.741 20.231 9.882 57.505 61.832 73.409 60.539 11.518 39.136
645452.1.peg.1252 79.422 85.286 60.263 41.502 32.104 63.728 62.973 94.124 87.667 94.522 65.825 84.532
635352.1.peg.35 76.386 19.649 13 63.704 47.84 59.357 53.093 36.453 48.472 75.774 98.415 42.836
635352.1.peg.2256 76.518 76.387 21.145 73.103 54.149 49.988 43.103 61.608 54.683 43.628 77.547 32.749
635352.1.peg.2294 94.819 30.439 91.872 67.202 83.584 45.275 11.938 8.497 29.133 25.55 88.121 52.147
635352.1.peg.2733 46.02 40.129 31.332 66.389 32.095 59.998 91.899 36.006 98.105 86.393 92.737 10.336
635352.1.peg.34 10.528 62.314 7.937 55.999 10.659 28.148 15.896 49.961 70.728 10.17 54.813 98.862
635352.1.peg.2257 13.988 54.008 51.494 14.664 31.515 31.597 66.307 46.433 81.503 56.481 9.619 53.067
635352.1.peg.2295 53.453 51.099 21.874 47.142 51.809 97.359 85.681 93.388 63.543 78.465 49.833 41.115
635352.1.peg.101 73.436 74.173 9.609 91.982 30.685 94.225 97.793 6.22 92.865 65.003 49.289 58.643
635352.1.peg.2296 92.904 33.722 93.723 43.971 79.188 59.606 31.504 1.322 25.646 12.715 64.141 53.41
635352.1.peg.2258 81.167 82.08 65.957 80.746 23.427 14.083 20.527 51.545 71.8 18.893 50.315 92.115
635352.1.peg.33 72.568 79.545 48.385 4.499 41.557 12.432 50.945 46.292 54.177 1.693 22.365 73.635
645452.1.peg.3483 51.763 35.296 75.192 73.971 33.572 81.455 10.899 29.636 94.062 2.594 30.956 48.034
645452.1.peg.2702 43.146 9.991 6.898 22.866 51.724 33.535 98.016 75.367 59.779 59.861 41.171 77.515
645452.1.peg.227 42.724 97.798 43.169 27.779 90.944 94.863 39.884 75.413 66.942 93.36 7.533 41.257
645452.1.peg.1662 66.936 11.85 21.813 97.53 76.228 93.886 75.929 65.235 75.417 18.318 36.82 29.163
645452.1.peg.1663 35.21 27.879 13.794 9.84 31.23 85.932 46.036 13.393 99.486 3.009 29.893 74.882
645452.1.peg.708 78.983 12.949 86.641 78.385 12.734 13.399 68.363 37.656 76.325 97.293 61.367 98.053
645452.1.peg.702 28.371 56.101 65.994 57.185 26.238 17.588 70.924 94.152 14.607 77.603 80.945 32.111
645452.1.peg.125 15.204 18.155 29.693 94.824 51.477 93.035 86.954 8.744 97.751 16.734 51.44 98.916
645452.1.peg.3280 75.119 89.818 50.597 66.791 80.757 25.881 17.778 62.594 51.522 80.762 86.989 35.224
645452.1.peg.2714 38.181 53.613 9.517 80.829 66.727 2.121 87.96 82.411 1.671 93.658 50.202 73.991
645452.1.peg.2831 76.619 84.973 68.157 95.333 69.918 52.718 82.064 60.994 8.203 95.824 70.037 86.993
645452.1.peg.869 84.868 74.335 56.312 41.841 71.133 12.696 96.97 78.802 39.788 91.304 52.427 8.216
645452.1.peg.868 48.398 77.089 5.768 6.936 16.95 76.639 89.241 53.744 54.109 89.727 5.293 16.645
645452.1.peg.2653 44.785 62.597 32.126 79.405 97.856 47.702 75.14 44.809 89.29 53.204 12.682 19.623
645452.1.peg.3000 61.318 47.367 21.953 42.946 19.652 56.169 49.186 11.5 55.728 19.278 62.696 20.023
645452.1.peg.2499 64.431 48.097 30.951 33.303 48.867 67.242 15.115 97.45 11.565 11.148 13.509 39.12
645452.1.peg.3053 59.771 49.607 70.989 5.378 22.36 75.895 61.857 2.306 87.068 75.997 97.723 31.223
645452.1.peg.2970 23.251 36.725 51.75 59.071 47.422 3.69 48.474 65.915 11.444 70.395 92.031 83.171
645452.1.peg.1248 22.675 37.494 71.521 84.362 51.758 15.922 4.324 68.426 42.27 89.912 26.222 70.055
645452.1.peg.3003 24.527 38.128 47.992 76.679 66.413 76.588 33.102 55.387 97.043 39.997 41.233 98.44
645452.1.peg.2497 12.699 84.366 88.345 96.207 87.896 73.001 53.526 78.665 30.765 73.304 91.318 31
645452.1.peg.2973 96.625 9.301 40.239 7.039 65.621 30.528 37.096 49.791 36.377 25.937 70.767 67.758
645452.1.peg.866 94.921 73.882 23.417 88.614 32.546 80.462 24.261 52.119 12.133 4.3 12.253 7.117
645452.1.peg.867 79.373 34.716 86.379 29.353 43.77 34.361 22.381 82.896 93.103 17.966 47.15 25.628
645452.1.peg.1256 51.401 31.212 96.536 28.382 48.02 30.931 61.085 45.173 58.643 67.53 64.931 44.681
645452.1.peg.459 24.356 16.588 3.465 35.527 46.34 39.109 84.122 84.127 92.12 11.801 50.721 44.036
645452.1.peg.2255 82.357 2.728 55.733 97.793 98.987 92.057 71.336 25.889 65.955 29.066 78.164 18.34
645452.1.peg.2293 78.346 65.752 67.571 73.561 66.923 66.657 96.394 14.136 15.291 93.218 35.582 80.378
645452.1.peg.2292 35.138 1.719 31.196 55.705 82.199 37.196 69.803 95.928 89.578 24.408 96.987 63.012
645452.1.peg.187 76.815 75.802 96.56 63.093 33.595 34.257 52.233 10.534 90.124 9.662 44.95 2.394
645460.1.peg.513 88.617 35.523 96.814 39.827 56.475 6.8 38.85 41.053 2.2 51.131 40.253 11.799
645452.1.peg.1464 2.18 98.643 51.617 20.911 42.135 72.503 99.163 4.601 11.362 60.82 91.122 34.324
645452.1.peg.225 6.542 34.353 56.725 56.278 60.791 71.167 41.633 43.418 20.5 76.439 37.606 46.984
645452.1.peg.3558 75.393 8.092 54.691 25.349 29.902 68.66 4.088 95.796 57.201 85.362 13.469 87.695
645452.1.peg.811 59.447 12.243 43.882 47.583 21.086 64.225 21.4 24.671 15.105 4.741 97.634 44.843
645452.1.peg.43 38.166 30.237 23.979 2.869 86.013 95.26 99.319 53.19 18.035 93.865 41.627 50.321
645452.1.peg.2680 23.877 58.53 29.783 94.625 93.677 40.62 38.693 10.739 2.705 71.663 20.37 56.61
645452.1.peg.3214 73.729 24.778 17.636 15.619 61.924 42.322 79.343 27.963 73.12 1.306 63.511 10.809
645452.1.peg.888 11.2 34.827 43.516 2.294 75.844 3.722 40.391 41.086 95.64 31.269 28.902 94.546
645452.1.peg.3386 25.909 82.226 30.884 2.257 29.816 9.314 42.883 57.526 62.812 97.242 43.112 23.374
645452.1.peg.727 24.69 7.211 65.204 25.894 96.758 79.725 70.401 55.83 28.828 23.983 23.444 22.904
645452.1.peg.3385 12.565 19.273 87.805 80.818 31.51 2.721 37.741 11.229 34.757 74.095 55.906 85.684
645452.1.peg.1072 67.408 3.421 60.457 13.593 50.912 72.242 99.126 11.703 37.263 78.053 69.977 45.612
645452.1.peg.721 90.241 89.608 37.253 32.482 11.632 32.853 63.599 67.718 15.363 22.903 58.647 86.354
645452.1.peg.1299 44.552 12.593 54.996 19.24 88.247 43.975 44.653 85.307 33.341 19.721 78.743 11.689
645452.1.peg.2731 99.098 75.302 98.89 92.121 62.019 44.542 63.303 67.202 91.985 1.325 63.468 97.655
645452.1.peg.205 30.194 83.037 86.479 83.426 76.11 9.435 38.304 2.97 38.751 43.661 75.237 1.047
645452.1.peg.1673 53.832 23.706 33.246 32.019 99.955 4.037 44.013 26.696 42.213 11.314 77.323 46.356
645452.1.peg.1319 64.166 4.491 82.749 46.256 30.459 38.426 31.797 14.87 89.103 15.105 50.155 30.495
645452.1.peg.1371 67.987 86.898 4.511 17.875 98.26 47.456 73.875 82.372 11.94 22.049 55.26 5.565
645452.1.peg.2733 65.14 71.606 75.915 66.454 20.721 10.372 84.204 72.024 4.719 24.079 34.489 25.488
645452.1.peg.369 60.775 87.245 14.612 55.735 1.064 12.976 29.414 48.179 98.124 95 56.705 58.202
645452.1.peg.3173 40.881 21.324 27.901 3.598 99.569 53.121 34.945 16.638 89.752 13.788 18.593 83.979
645452.1.peg.2055 70.925 50.166 73.248 65.354 44.407 93.886 78.517 82.39 76.178 44.523 85.309 82.68
645452.1.peg.1667 87.637 68.42 81.749 54.212 77.759 84.57 93.987 67.758 65.162 3.429 49.442 23.363
645452.1.peg.2678 69.335 30.787 76.973 73.217 80.119 49.851 76.279 19.694 67.742 29.849 5.94 11.218
645452.1.peg.3231 49.262 9.659 28.165 66.871 79.955 10.392 33.053 95.224 65.718 58.465 65.975 88.187
645452.1.peg.2197 26.56 89.968 8.816 69.456 27.397 47.66 43.591 52.308 25.236 57.954 90.253 39.445
645452.1.peg.815 2.287 10.2 74.945 97.7 76.383 78.28 25.312 66.119 15.409 22.979 28.03 65.298
645452.1.peg.116 13.214 53.316 94.412 69.47 23.293 50.767 90.761 47.528 65.051 63.809 48.365 58.258
645452.1.peg.1603 88.686 66.008 29.094 15.468 78.62 30.036 48.931 96.912 45.108 56.289 1.961 63.456
645452.1.peg.1825 25.645 19.184 41.263 72.191 38.201 37.768 56.508 45.26 79.46 29.887 59.573 83.721
645452.1.peg.1583 82.589 97.635 35.606 99.981 86.57 59.989 67.241 56.904 96.793 2.294 30.96 25.346
645452.1.peg.2173 20.423 71.866 99.67 95.972 81.555 71.461 84.379 51.342 53.523 7.243 58.547 12.285
645452.1.peg.716 50.867 11.289 67.946 28.668 8.964 64.761 87.156 44.897 34.758 30.815 35.65 6.886
645452.1.peg.1593 93.903 20.877 9.466 37.627 70.497 1.749 27.194 48.237 99.115 81.73 47.418 43.568
645452.1.peg.1595 91.243 7.415 9.692 48.098 49.814 62.036 15.675 99.496 74.42 8.947 76.011 79.885
645452.1.peg.1594 61.104 88.914 73.017 82.128 87.93 84.863 68.366 26.586 43.388 91.497 88.77 99.222
645452.1.peg.3392 34.036 38.489 26.977 77.604 16.078 5.694 82.495 15.4 44.163 2.029 6.841 89.924
645452.1.peg.1587 32.992 3.906 76.187 27.501 22.362 55.411 92.107 30.121 11.459 66.711 1.189 86.829
645452.1.peg.1374 40.867 65.595 57.55 54.01 96.63 93.635 70.522 49.249 31.415 56.89 19.856 91.346
645452.1.peg.1364 46.533 72.326 74.562 62.378 97.87 60.875 28.895 16.446 43.176 1.075 34.528 81.683
645452.1.peg.1065 50.585 40.561 48.998 99.364 98.101 38.39 99.091 84.001 75.049 99.363 44.225 88.133
645452.1.peg.1581 93.707 80.17 41.303 53.13 6.372 40.783 63.217 88.675 52.215 29.834 31.392 85.586
645452.1.peg.2394 17.147 27.551 89.288 95.185 73.13 19.564 75.271 39.317 93.111 75.495 93.235 85.298
645452.1.peg.2096 51.051 66.697 92.178 23.266 21.195 99.045 78.305 10.028 22.008 61.764 58.341 67.403
645452.1.peg.1845 37.995 47.016 52.24 76.452 82.961 37.406 7.497 12.691 19.225 52.758 50.664 35.675
645452.1.peg.1476 8.464 96.811 57.519 62.92 4.653 53.036 97.827 47.598 70.961 82.123 21.923 82.348
645452.1.peg.2053 21.715 13.866 67.793 77.191 32.292 80.421 72.948 22.674 10.455 37.374 32.283 61.505
645452.1.peg.2047 82.298 82.664 93.486 70.03 56.107 82.187 27.241 82.559 68.105 23.93 17.666 11.083
645452.1.peg.2074 18.225 36.625 90.217 84.576 49.418 48.563 68.828 54.981 89.741 3.101 96.844 50.333
645452.1.peg.3169 96.681 78.857 14.751 37.549 68.774 29.026 43.854 19.437 68.199 23.971 79.254 32.965
645452.1.peg.2060 8.477 84.782 16.916 74.024 67.05 50.527 2.398 90.49 53.493 91.062 32.615 37.387
645452.1.peg.2073 34.726 2.709 95.594 30.861 93.276 75.289 80.656 46.831 49.768 35.362 34.128 59.664
645452.1.peg.2054 38.122 63.444 33.595 41.305 34.597 36.956 5.975 63.272 12.503 78.663 14.171 2.245
645452.1.peg.2061 15.004 21.821 49.707 92.21 96.02 74.719 77.055 5.002 2.173 98.585 6.694 55.539
645452.1.peg.2691 46.169 45.533 1.252 67.672 77.984 74.77 59.259 55.036 69.181 64.284 96.689 59.564
645452.1.peg.2081 65.586 3.857 14.469 97.81 1.419 84.428 68.221 94.415 80.704 53.991 14.407 91.563
645452.1.peg.817 4.553 26.546 69.888 84.38 74.419 35.262 91.327 31.647 92.653 12.915 52.225 98.624
645452.1.peg.1346 60.921 62.176 72.338 53.531 97.655 12.272 34.849 43.002 63.473 59.065 45.743 44.494
645452.1.peg.1478 91.068 39.022 53.649 20.924 22.341 47.07 53.789 61.127 54.834 29.803 44.843 37.046
645452.1.peg.1477 87.589 90.92 4.909 4.474 3.245 13.116 33.626 83.614 25.111 26.667 9.952 84.696
645452.1.peg.181 62.688 16.084 26.458 29.493 10.325 21.174 77.132 59.659 27.435 36.186 2.475 69.028
645452.1.peg.182 22.381 38.215 82.377 13.718 53.681 16.576 39.943 72.264 33.549 71.85 55.96 83.932
645452.1.peg.2689 71.195 28.441 36.12 94.373 25.528 86.745 47.315 90.162 18.325 59.028 48.65 51.631
645452.1.peg.813 20.175 14.013 62.789 47.555 27.039 29.165 95.251 94.482 11.35 93.731 6.251 45.443
645452.1.peg.2304 26.015 76.975 79.607 65.74 54.217 72.797 44.205 67.945 25.611 61.877 91.298 80.943
645452.1.peg.903 91.53 71.01 85.742 51.643 57.445 27.381 24.981 13.975 37.985 67.528 74.833 32.165
645452.1.peg.91 29.912 61.207 70.826 68.903 41.645 22.674 18.875 14.453 73.525 50.145 25.215 11.35
645452.1.peg.902 54.558 23.162 90.373 6.337 48.413 53.24 63.395 5.396 50.382 79.554 76.675 16.027
645452.1.peg.673 19.763 22.492 93.48 81.631 18.24 52.862 76.017 94.088 3.274 98.352 94.54 37.456
645452.1.peg.674 35.825 16.32 80.148 34.973 50.355 22.477 53.121 92.081 88.589 36.859 49.93 63.541
645452.1.peg.2183 13.639 99.001 31.872 91.683 10.007 33.041 16.913 55.712 66.715 27.88 13.157 57.122
645452.1.peg.2489 5.427 93.159 62.161 66.197 93.931 15.186 47.89 6.296 73.109 8.201 41.608 15.426
645452.1.peg.2184 8.205 77.328 9.742 30.56 45.544 99.631 18.729 68.9 27.054 93.9 51.509 3.584
645452.1.peg.2145 21.454 16.516 61.785 13.302 83.253 35.942 10.595 4.261 63.33 83.314 97.982 96.074
645452.1.peg.1031 7.039 90.775 50.855 50.607 9.976 93.147 47.866 60.072 30.537 49.511 59.738 81.449
645452.1.peg.1570 25.437 56.383 3.615 8.561 82.121 48.844 72.647 29.854 71.149 66.631 64.747 70.095
645452.1.peg.1573 58.113 26.096 9.621 7.392 63.058 85.797 42.926 93.287 17.552 87.428 62.408 10.362
645452.1.peg.3402 44.68 4.095 19.222 47.219 78.705 35.64 58.094 20.087 60.587 38.806 30.291 33.732
645452.1.peg.2229 35.129 83.202 14.807 80.084 10.769 63.98 63.931 49.577 4.756 45.104 22.142 45.322
645452.1.peg.1858 25.508 42.037 21.331 70.434 66.595 77.273 74.447 83.54 3.755 66.505 54.605 17.966
645452.1.peg.2300 22.522 9.672 18.834 75.1 55.817 46.867 55.403 24.321 36.341 99.486 47.68 50.344
645452.1.peg.3013 32.327 5.534 11.745 80.706 76.463 50.964 31.96 70.889 94.73 36.584 50.764 21.655
645452.1.peg.2496 23.712 5.225 11.175 19.55 71.893 53.603 51.987 51.51 93.123 94.032 9.899 99.444
645452.1.peg.847 25.463 29.675 9.37 82.27 76.119 11.583 6.236 72.965 9.338 70.498 65.727 21.137
645452.1.peg.1250 34.605 73.872 71.653 51.616 46.553 77.302 27.313 36.61 3.098 35.624 56.113 21.936
645452.1.peg.3002 29.353 76.639 59.764 15.836 4.919 30.22 56.536 6.492 14.7 25.757 81.643 21.961
645452.1.peg.855 77.53 85.196 30.01 28.113 72.795 78.473 54.754 90.004 52.862 6.574 35.094 38.784
645452.1.peg.2767 87.425 26.972 2.743 84.381 90.039 93.128 22.704 2.651 77.956 11.641 95.093 72.548
645452.1.peg.2476 46.971 45.482 29.36 96.585 61.127 15.936 45.605 89.873 57.125 88.54 71.521 17.39
645452.1.peg.463 92.281 19.911 37.111 5.038 8.915 29.431 42.991 95.955 1.909 76.922 49.627 34.067
645452.1.peg.996 34.083 53.55 21.627 9.989 34.474 28.699 16.389 23.359 29.521 43.98 52.19 87.029
645452.1.peg.302 23.016 13.384 49.415 36.242 65.243 40.039 19.893 78.814 88.711 76.665 3.435 47.976
645452.1.peg.3281 50.983 51 93.294 55.948 17.554 6.716 39.445 45.802 12.878 52.364 40.155 75.682
645452.1.peg.994 29.842 65.071 13.701 20.463 59.964 93.752 49.396 98.276 24.162 62.275 11.604 89.524
645452.1.peg.298 77.96 9.336 86.394 38.157 21.481 29.878 29.646 16.16 7.607 80.123 93.126 53.932
645452.1.peg.461 93.501 68.754 88.668 51.966 85.175 4.45 15.597 21.524 13.759 16.801 18.948 10.135
645452.1.peg.300 64.101 77.894 1.339 91.361 53.414 41.868 35.462 54.697 19.883 15.973 80.7 78.185
645452.1.peg.3284 42.044 57.89 1.955 71.759 39.816 32.698 30.883 41.05 41.902 20.149 71.372 94.555
645452.1.peg.462 89.773 88.724 75.146 34.203 64.266 8.522 11.265 11.365 77.843 70.318 49.7 96.677
645452.1.peg.3282 99.491 42.283 9.711 37.98 99.18 2.979 32.093 20.381 73.892 62.559 61.078 76.553
645452.1.peg.995 84.674 75.852 99.118 54.286 87.728 13.463 96.729 84.561 50.378 53.877 90.425 86.989
645452.1.peg.460 41.23 87.231 92.489 27.849 97.328 61.846 82.932 51.543 16.715 32.078 66.087 3.88
645452.1.peg.3283 43.811 58.02 92.327 8.931 74.456 17.87 73.888 37.674 49.223 34.138 48.032 50.784
645452.1.peg.992 37.139 88.033 35.1 37.782 50.339 47.572 56.384 47.785 74.811 54.681 25.809 84.856
645452.1.peg.297 66.529 91.12 30.634 98.014 4.168 44.759 96.067 59.373 99.041 26.977 86.15 4.002
645452.1.peg.916 17.841 3.917 86.916 50.199 42.334 90.732 84.555 84.222 10.568 19.112 42.259 53.498
645452.1.peg.218 56.684 98.041 28.743 62.144 61.37 29.052 77.205 78.127 15.324 70.667 99.817 75.362
645452.1.peg.40 13.954 73.621 58.873 18.203 13.101 60.362 45.079 94.745 65.893 78.191 93.463 82.225
645452.1.peg.39 83.974 19.273 74.45 45.979 86.78 43.861 29.99 39.965 62.303 13.739 72.183 94.147
645452.1.peg.1417 66.132 20.109 72.921 32.101 99.864 12.566 88.94 95.372 19.7 20.181 33.038 73.624
645452.1.peg.1658 20.474 2.132 21.546 20.324 49.515 80.553 96.734 5.41 33.647 47.689 67.552 20.136
645452.1.peg.1416 1.997 98.514 12.367 84.866 84.056 71.44 3.157 66.544 40.52 82.878 20.888 37.674
645452.1.peg.71 66.014 87.032 14.154 39.357 17.258 74.815 67.252 51.554 12.293 24.228 85.787 68.963
645452.1.peg.2147 66.987 70.693 95.163 12.767 73.446 50.756 79.095 61.651 96.256 3.277 59.549 47.004
645452.1.peg.1745 40.106 23.883 47.031 56.305 34.965 91.738 32.939 83.926 84.208 16.995 13.735 74.811
645452.1.peg.3595 5.782 69.891 11.695 40.092 43.198 58.537 27.329 68.155 87.311 96.963 29.561 45.93
645452.1.peg.1051 49.88 34.39 99.184 99.89 57.183 34.79 9.904 19.466 71.17 20.77 26.438 41.209
645452.1.peg.3090 77.539 86.008 10.432 38.614 14.162 79.002 41.028 25.428 27.812 36.694 33.825 23.587
645452.1.peg.2170 23.85 32.281 69.977 99.513 29.163 11.148 3.792 53.003 99.702 44.44 4.961 48.499
645452.1.peg.3659 3.098 58.693 20.703 51.276 37.966 93.563 34.226 19.242 14.486 81.232 23.673 5.144
645452.1.peg.231 38.652 97.551 91.566 48.204 98.672 22.217 14.889 20.909 77.613 62.382 11.468 53.474
645452.1.peg.2303 53.529 60.131 27.082 78.917 63.982 63.645 64.341 99.015 90.926 65.855 57.312 65.03
645452.1.peg.2302 12.429 76.081 43.326 17.96 21.801 87.488 87.741 63.794 23.94 84.913 1.245 4.937
645452.1.peg.851 86.394 18.532 9.516 41.407 34.13 90.167 99.549 31.606 42.928 84.527 67.157 29.435
645452.1.peg.1439 40.154 49.838 74.214 17.092 6.704 35.813 59.804 62.328 1.597 18.919 36.655 53.168
645452.1.peg.699 30.383 81.835 51.66 47.393 15.526 13.033 97.3 51.744 48.387 14.229 70.482 70.478
645452.1.peg.1306 99.879 57.473 99.263 42.988 3.101 63.636 40.514 40.844 11.499 70.433 42.008 98.016
645452.1.peg.1816 91.006 74.248 60.629 55.017 42.288 57.333 38.008 15.854 17.971 69.257 51.934 62.899
645452.1.peg.2523 51.498 2.541 88.515 90.066 87.666 20.765 36.439 96.478 67.196 20.505 32.537 55.507
645452.1.peg.965 9.88 42.035 75.912 26.149 50.338 70.672 48.321 90.448 49.931 61.905 51.052 43.117
645452.1.peg.778 28.77 1.325 89.211 1.354 51.057 38.849 99.93 69.358 54.206 91.216 78.621 77.403
645452.1.peg.3537 72.036 46.673 73.258 49.328 14.006 5.17 92.086 1.361 37.713 42.456 2.369 50.972
645452.1.peg.415 38.985 9.317 35.871 39.21 58.217 62.826 76.895 73.447 34.335 5.852 17.474 26.143
645452.1.peg.2655 17.973 46.294 13.12 91.634 99.128 57.164 42.281 84.684 27.976 88.618 24.74 96.418
645452.1.peg.1660 20.096 5.038 25.608 48.665 72.692 36.626 73.575 19.797 91.778 80.692 24.46 50.818
645452.1.peg.1318 49.62 93.697 98.214 51.029 82.598 24.879 18.906 75.317 93.888 26.531 22.344 74.949
645452.1.peg.2509 9.739 66.329 62.104 14.161 49.246 70.464 44.766 64.932 82.038 73.149 58.768 31.349
645452.1.peg.3410 3.588 26.839 29.729 26.866 79.735 97.06 61.75 41.167 97.268 33.707 60.596 63.992
645452.1.peg.2343 70.19 74.724 76.504 16.812 46.329 5.231 80.502 70.587 10.373 90.508 90.25 78.984
645452.1.peg.289 32.261 63.603 87.102 24.482 92.275 47.239 22.435 26.084 76.389 13.598 40.445 24.396
645452.1.peg.2520 5.908 50.451 58.837 58.112 85.361 23.022 21.358 28.773 78.091 73.393 9.865 25.127
645452.1.peg.183 31.009 11.112 17.516 30.759 6.898 14.968 60.363 39.744 45.873 54.291 40.895 89.975
645452.1.peg.184 39.491 1.515 50.235 89.831 64.232 5.846 78.355 47.701 24.106 73.31 83.579 58.443
645452.1.peg.3287 46.43 49.52 24.988 26.28 10.218 90.864 82.905 75.023 39.675 74.446 7.725 96.64
645452.1.peg.740 8.335 67.046 89.631 76.438 48.375 38.267 55.229 48.481 55.417 48.971 13.997 44.986
645452.1.peg.159 93.216 2.397 44.634 82.519 94.81 79.943 67.499 62.47 91.555 63.438 33.677 44.214
645452.1.peg.1010 82.032 14.044 42.55 23.486 30.306 99.51 66.106 70.049 7.899 13.552 3.513 91.475
645452.1.peg.3590 80.824 2.505 57.866 47.048 1.646 20.128 88.685 76.244 70.258 93.884 67.274 85.793
645452.1.peg.121 67.731 43.628 38.305 9.794 73.463 99.635 79.044 60.302 40.335 53.149 12.539 72.281
645452.1.peg.122 49.398 54.17 59.273 96.727 74.404 42.414 49.77 58.394 33.737 79.794 56.273 20.63
645452.1.peg.123 50.11 39.85 89.297 82.654 24.664 33.561 81.542 57.6 34.146 76.426 43.137 20.908
645452.1.peg.2179 52.782 21.799 38.126 31.327 19.548 29.345 26.885 94.374 45.298 39.036 75.813 98.347
645452.1.peg.2180 43.093 95.438 32.672 11.033 51.717 50.024 9.412 67.969 55.515 20.671 94.675 76.14
645452.1.peg.2181 59.32 88.363 82.741 34.529 52.419 10.161 39.279 26.985 32.729 84.666 14.624 4.173
645452.1.peg.2408 18.984 98.648 71.589 77.678 1.662 4.951 69.068 37.899 71.021 35.721 41.63 85.071
645452.1.peg.2409 29.368 86.766 81.256 40.124 80.194 51.575 87.272 93.072 17.02 23.85 21.027 8.598
645452.1.peg.2410 54.691 47.341 29.055 44.856 70.39 50.053 4.621 4.84 22.328 59.615 48.811 55.77
645452.1.peg.497 33.499 95.465 63.699 99.685 69.368 82.303 93.558 78.646 17.38 76.677 45.512 58.209
645452.1.peg.254 66.516 92.047 58.523 71.353 30.327 93.45 10.551 25.968 2.131 81.798 48.449 4.849
645452.1.peg.145 11.188 93.151 28.089 89.134 55.862 1.143 2.894 23.47 7.324 51.598 8.096 45.209
645452.1.peg.194 59.431 48.086 15.116 17.349 72.441 44.294 10.984 37.658 47.328 70.963 47.939 29.07
645452.1.peg.599 83.871 34.61 63.254 81.367 80.22 42.788 21.479 72.651 92.247 5.003 68.803 59.719
645452.1.peg.1421 41.195 65.099 84.138 80.361 51.998 37.765 97.606 84.69 11.917 96.586 20.595 44.411
645452.1.peg.3286 28.918 62.444 23.049 31.569 92.451 85.583 24.433 40.95 34.169 26.394 21.555 19.371
645452.1.peg.1438 52.13 32.565 69.355 66.383 63.107 10.646 84.748 81.944 12.958 86.17 77.036 88.024
645452.1.peg.2641 64.029 34.795 71.387 6.689 22.998 47.428 68.123 40.596 85.919 97.954 4.807 92.831
645452.1.peg.12 52.262 33.347 2.711 16.516 98.693 86.56 47.708 39.513 34.6 4.26 32.945 14.782
645452.1.peg.3399 52.414 27.658 17.552 85.348 13.643 72.118 24.788 89.713 9.537 4.758 13.776 74.741
645452.1.peg.2953 39.083 9.478 88.119 51.512 45.764 75.94 43.747 99.7 3.977 66.438 15.417 45.655
645452.1.peg.765 30.978 79.124 7.968 62.657 67.105 93.254 98.343 75.237 37.258 88.971 57.749 2.699
645452.1.peg.3366 12.237 17.239 94.645 72.848 14.938 39.039 52.115 25.744 69.189 70.654 30.53 72.759
645452.1.peg.3060 78.129 23.219 45.426 45.119 43.711 13.077 28.052 36.027 78.32 94.221 74.642 35.245
645452.1.peg.3424 20.406 62.233 44.639 92.848 91.974 57.221 68.552 94.39 52.382 27.314 55.538 2.855
645452.1.peg.3025 15.925 99.876 31.949 58.809 13.302 92.663 88.144 86.152 83.135 47.314 19.887 36.228
645452.1.peg.3288 8.993 23.505 98.467 48.738 16.578 35.781 8.744 37.265 36.747 66.099 1.9 20.883
645452.1.peg.739 62.81 91.251 94.608 20.776 96.756 62.401 61.873 23.046 36.551 18.527 32.332 16.329
645452.1.peg.101 39.984 94.469 59.106 65.392 67.267 75.562 1.837 44.038 42.465 84.406 71.229 86.303
645452.1.peg.161 1.154 55.46 50.505 84.124 60.927 65.02 4.084 8.131 86.081 59.289 32.263 77.256
645452.1.peg.124 27.86 18.398 87.079 88.621 4.827 23.523 59.297 48.189 75.144 84.656 21.833 69.961
645452.1.peg.3315 70.117 77.146 46.818 80.031 99.474 94.932 80.115 7.348 6.582 25.862 23.874 5.049
645452.1.peg.906 41.623 36.208 84.012 39.194 60.969 69.472 92.065 83.364 12.495 8.983 77.411 17.881
645452.1.peg.3165 45.433 85.651 71.041 61.157 28.531 17.646 29.257 41.417 90.148 29.848 29.273 94.84
645452.1.peg.3604 55.331 50.404 8.065 31.669 71.732 38.443 62.86 29.592 43.142 73.027 90.302 38.862
645452.1.peg.1834 73.89 58.35 82.815 32.998 18.47 88.791 40.526 24.365 58.804 33.514 36.312 79.638
645452.1.peg.3163 40.3 71.737 76.722 98.201 51.919 8.595 22.152 59.107 79.634 13.095 37.616 14.899
645452.1.peg.3089 70.871 20.172 87.263 13.908 40.146 84.248 1.949 25.599 58.137 67.432 66.588 48.089
645452.1.peg.2171 62.031 65.274 37.923 96.69 30.822 64.09 48.134 33.777 29.534 9.645 22.529 50.834
645452.1.peg.2677 44.178 90.676 6.011 4.609 19.218 20.712 99.854 27.053 34.213 95.396 46.911 53.69
645452.1.peg.1239 65.255 4.461 27.576 43.889 60.415 21.156 8.581 23.639 93.952 96.993 33.753 33.815
645452.1.peg.974 92.007 86.037 81.778 58.055 81.881 76.056 69.989 52.52 81.907 11.524 94.564 89.843
645452.1.peg.3263 63.46 3.643 29.721 88.003 25.24 97.361 23.835 64.42 35.083 97.671 37.99 16.834
645452.1.peg.3265 58.341 9.945 9.219 63.385 73.424 64.38 6.007 63.23 84.216 31.322 91.273 65.243
645452.1.peg.3264 77.275 59.602 19.023 74.686 44.863 84.975 49.63 18.207 7.026 74.348 11.744 9.469
645452.1.peg.3273 9.975 43.235 1.2 48.362 65.648 23.526 17.753 61.263 3.173 79.372 14.026 76.696
645452.1.peg.3291 15.537 63.567 4.099 76.661 10.547 21.571 27.667 91.184 77.267 91.785 40.734 82.64
645452.1.peg.1740 25.036 3.334 46.789 11.343 29.165 56.429 1.128 76.425 81.455 91.788 81.214 24.326
645452.1.peg.2287 32.696 17.83 92.068 40.66 84.918 61.041 50.96 86.772 76.736 53.961 90.497 95.973
645452.1.peg.2768 3.533 3.669 81.816 75.861 72.273 91.791 2.641 61.288 73.148 80.438 18.18 97.43
645452.1.peg.1578 29.588 60.237 98.689 84.756 76.246 51.838 57.302 62.819 37.964 75.339 36.198 1.787
645452.1.peg.3551 91.019 96.733 11.363 23.58 75.564 11.279 61.345 27.72 45.989 76.186 46.47 63.124
645452.1.peg.2668 45.135 75.495 78.431 15.451 42.119 33.298 72.001 40.388 25.166 91.472 75.695 6.69
645452.1.peg.357 85.017 20.287 81.047 32.502 26.534 10.852 90.341 59.78 75.055 22.105 49.409 51.115
645452.1.peg.3390 91.424 92.114 98.56 15.245 48.051 76.362 93.215 72.613 5.633 69.79 77.729 76.391
645452.1.peg.2571 99.822 3.058 65.167 5.75 36.526 36.299 40.945 51.509 47.22 35.175 97.164 74.143
645452.1.peg.2391 40.554 95.882 97.301 12.56 82.685 7.887 86.707 21.671 57.638 72.071 17.743 95.638
645452.1.peg.134 5.076 7.267 30.255 80.98 57.765 89.347 54.957 24.544 69 73.454 56.034 49.202
645452.1.peg.542 81.405 80.023 47.911 94.554 94.801 92.354 23.63 45.744 95.366 19.37 38.536 78.1
645452.1.peg.229 24.854 11.995 12.269 49.129 27.932 50.169 94.751 61.615 97.589 55.636 7.304 64.559
645452.1.peg.226 97.586 73.576 53.41 50.462 18.944 72.151 24.003 31.474 5.523 98.694 31.16 40.24
645452.1.peg.1481 79.444 78.211 81.05 6.409 17.264 37.272 54.509 84.626 94.188 3.144 88.41 67.992
645452.1.peg.224 84.086 83.731 92.195 18.157 71.685 7.883 1.88 74.224 14.271 98.543 22.937 64.326
645452.1.peg.458 28.273 59.617 36.512 74.594 70.961 85.749 96.936 83.176 54.727 97.257 35.449 93.811
645452.1.peg.230 35.91 12.409 20.618 74.535 29.324 29.43 19.108 89.276 73.648 94.262 95.019 89.507
645452.1.peg.1479 7.015 70.807 37.649 45.723 60.945 13.469 21.028 41.11 98.534 22.552 56.689 47.2
645452.1.peg.3238 8.213 1.828 20.276 98.844 89.641 32.143 32.811 35.507 27.639 10.848 40.573 95.442
645452.1.peg.3509 89.454 34.531 9.698 19.373 26.261 46.014 94.687 57.928 69.337 73.193 3.428 92.826
645452.1.peg.1853 12.497 51.593 14.803 1.037 88.689 78.122 78.63 56.092 44.544 17.532 13.247 68.455
645452.1.peg.2515 30.52 63.61 56.374 99.827 39.617 88.905 26.397 46.632 38.066 68.123 81.81 42.317
645452.1.peg.329 81.868 76.351 42.124 57.672 80.27 32.43 91.256 23.801 29.246 56.388 62.46 54.186
645452.1.peg.894 92.14 15.115 58.877 22.424 20.842 33.67 47.912 92.67 79.433 28.055 73.252 4.58
645452.1.peg.2540 76.458 82.714 71.829 1.86 81.538 83.356 59.301 98.234 11.624 76.116 61.103 88.372
645452.1.peg.3098 78.08 39.652 26.805 72.975 87.194 24.133 20.304 50.705 40.587 55.285 11.847 49.846
645452.1.peg.940 35.453 39.958 21.39 86.643 8.845 79.026 62.08 43.12 28.732 67.31 72.867 65.745
645452.1.peg.942 61.923 4.723 4.547 35.288 76.374 88.716 2.918 79.229 91.434 61.224 47.569 91.109
645452.1.peg.941 69.175 4.95 23.372 14.348 26.468 9.717 59.528 60.342 57.068 14.427 56.275 10.632
645452.1.peg.943 5.284 2.131 27.658 72.63 63.378 70.89 42.105 51.059 35.433 65.602 67.739 35.233
645452.1.peg.1266 60.613 10.285 43.252 74.011 45.266 79.154 41.944 65.496 20.657 45.345 34.1 56.936
645452.1.peg.3365 83.345 26.077 4.047 92.538 45.341 77.978 6.629 97.265 23.777 6.938 21.242 54.93
645452.1.peg.2345 63.263 21.326 40.521 40.187 17.581 8.95 32.683 71.144 20.667 8.052 62.782 42.275
645452.1.peg.2288 72.329 24.357 36.164 3.463 11.059 57.604 16.436 42.283 39.865 78.463 21.956 15.054
645452.1.peg.2559 32.822 83.95 72.634 52.71 64.636 64.182 20.107 87.686 37.963 28.325 29.163 94.263
645452.1.peg.3059 32.962 24.417 14.209 45.921 46.677 31.715 77.399 58.285 37.084 68.795 42.708 83.833
645452.1.peg.1706 23.43 6.29 57.074 56.736 43.887 78.379 51.174 73.781 81.219 37.373 61.021 77.124
645452.1.peg.1709 48.79 70.692 40.182 67.807 36.893 24.992 83.038 91.279 18.546 84.248 36.226 17.674
645452.1.peg.2254 75.455 2.875 53.914 53.885 6.006 81.87 70.848 64.067 64.8 74.601 43.083 95.153
645452.1.peg.712 82.741 62.253 99.267 88.051 90.292 8.589 69.698 12.893 13.413 90.347 75.334 86.437
645452.1.peg.38 74.437 64.709 85.393 11.246 56.145 88.327 53.26 11.968 91.292 17.287 88.254 79.144
645452.1.peg.1659 44.479 30.162 48.192 74.254 54.754 24.007 22.312 20.022 91.906 75.058 66.843 25.917
645452.1.peg.3597 24.658 77.801 78.907 41.072 40.334 19.591 68.656 42.381 50.021 6.331 86.263 52.523
645452.1.peg.153 71.438 81.129 62.314 61.755 27.13 99.236 24.847 6.47 13.512 61.817 71.923 87.197
645452.1.peg.2937 47.391 51.701 69.945 95.479 68.51 9.71 98.108 40.462 24.688 49.628 42.434 92.853
645452.1.peg.2936 16.233 80.16 12.25 61.031 21.482 82.243 53.887 83.747 39.952 32.903 47.646 41.823
645452.1.peg.112 75.847 19.875 40.45 64.724 62.096 44.854 62.27 80.305 3.479 12.123 64.207 6.044
645452.1.peg.2289 45.165 47.703 15.067 12.562 80.175 75.006 40.996 58.589 49.266 11.623 82.094 35.999
645452.1.peg.3473 76.518 1.946 85.097 64.817 25.844 90.593 50.286 44.736 95.271 5.909 61.539 42.153
645452.1.peg.3407 6.954 75.248 48.322 32.935 69.061 28.773 78.662 79.784 47.285 48.328 93.511 31.593
645452.1.peg.749 74.574 97.113 5.729 71.304 92.712 37.604 19.866 98.928 45.836 50.488 37.236 56.585
645452.1.peg.2395 89.343 22.787 13.916 27.55 42.184 26.084 8.719 32.189 44.148 46.67 92.536 28
645452.1.peg.748 29.336 57.279 56.483 5.148 79.942 2.256 82.631 8.391 7.211 25.766 50.107 32.345
645452.1.peg.2398 39.48 80.065 10.302 90.953 63.481 3.505 91.437 91.609 24.425 43.683 71.557 83.568
645452.1.peg.746 99.575 89.827 75.11 48.16 5.464 99.296 31.067 36.88 25.272 44.446 98.193 55.94
645452.1.peg.747 34.865 64.971 20.277 36.609 9.87 80.046 66.552 26.965 33.248 83.576 83.98 21.099
645452.1.peg.745 57.035 77.382 21.336 86.415 61.095 92.57 74.324 42.337 65.504 80.774 71.767 65.266
645452.1.peg.2399 10.423 99.651 71.542 18.043 23.718 34.372 48.578 47.318 29.305 89.373 1.385 96.117
645452.1.peg.2481 87.457 7.241 11.809 87.54 81.235 15.78 95.246 57.42 18.771 74.661 2.902 98.537
645452.1.peg.2480 23.122 14.161 2.843 83.985 55.116 29.805 36.654 16.617 53.931 32.296 39.607 64.619
645452.1.peg.1597 17.154 69.699 5.09 1.792 83.602 70.478 65.142 76.852 41.06 39.513 83.786 33.892
645452.1.peg.1674 67.851 8.486 45.808 29.915 52.216 80.04 88.494 59.054 63.613 61.05 59.815 36.28
645452.1.peg.3393 89.69 71.181 29.551 78.477 10.245 1.96 61.9 63.605 89.646 36.126 45.483 95.956
645452.1.peg.3391 39.556 31.929 29.042 72.548 91.914 9.867 16.09 38.521 7.383 20.298 71.056 51.864
645452.1.peg.3389 40.786 99.431 12.543 8.74 79.606 63.039 10.478 29.764 49.559 16.865 82.325 24.763
645452.1.peg.2695 11.564 21.003 38.813 56.854 43.838 63.318 96.818 84.259 95.184 97.646 85.522 38.348
645452.1.peg.1856 32.768 48.26 79.61 12.793 41.605 51.32 15.069 68.799 15.785 74.413 72.064 79.879
645452.1.peg.1857 64.308 42.168 40.004 23.763 37.521 47.229 82.202 80.749 63.632 75.53 98.858 92.834
645452.1.peg.874 88.998 84.005 78.746 93.178 32.869 40.205 19.763 27.176 38.955 59.034 73.883 54.054
645452.1.peg.437 16.746 88.187 20.957 8.309 80.888 13.459 11.353 14.04 18.526 68.137 10.168 53.942
645452.1.peg.2084 41.894 91.728 53.932 26.162 32.882 64.366 12.974 24.431 2.803 61.401 33.688 87.519
645452.1.peg.2298 75.325 48.071 34.025 55.104 83.71 41.697 19.489 78.192 45.532 77.004 12.15 43.27
645452.1.peg.3056 38.058 46.651 32.907 14.867 31.277 61.013 31.444 34.328 28.74 91.395 40.21 97.975
645452.1.peg.233 63.357 99.924 30.72 39.762 71.772 80.052 23.921 74.499 4.9 48.841 63.445 19.9
645452.1.peg.234 62.114 82.243 25.862 47.298 42.648 50.901 70.538 32.499 80.469 82.187 79.955 52.757
645452.1.peg.2762 22.287 30.22 39.356 63.225 36.779 94.097 15.618 38.079 4.068 9.393 37.678 57.558
645452.1.peg.2760 11.271 27.963 58.891 38.732 37.113 65.968 31.576 68.572 27.357 97.358 86.892 2.259
645452.1.peg.3421 90.523 42.832 5.173 95.314 98.633 9.788 80.747 80.102 71.805 87.269 46.744 95.416
645452.1.peg.3023 69.318 10.379 92.212 8.024 39.54 28.847 11.575 8.187 45.211 21.247 74.345 99.585
645452.1.peg.2326 81.179 14.45 99.051 37.447 82.399 80.634 26.207 8.745 68.768 62.143 26.016 11.894
645452.1.peg.2976 27.637 92.949 37.924 6.038 3.201 67.39 85.542 77.543 69.04 35.905 26.788 93.853
645452.1.peg.1699 86.411 48.682 33.005 61.86 43.457 82.082 19.761 93.145 93.978 7.212 27.783 33.375
645452.1.peg.2576 82.24 4.105 21.076 72.988 31.648 94.361 89.937 43.188 2.923 36.866 67.513 20.757
645452.1.peg.1811 89.44 55.284 38.886 99.918 28.482 21.731 64.664 34.844 54.247 84.69 71.812 35.902
645452.1.peg.251 92.147 14.988 93.729 67.93 71.73 58.276 43.688 17.779 52.509 82.622 71.436 62.425
645452.1.peg.2679 42.78 30.565 12.19 21.724 22.207 92.196 74.065 12.857 5.549 15.453 4.032 25.443
645452.1.peg.3403 35.563 76.886 80.161 55.217 27.679 4.594 95.061 34.461 64.29 60.718 29.288 39.796
645452.1.peg.1714 30.479 98.3 95.382 4.419 28.926 51.487 2.264 72.102 16.846 22.483 65.084 95.347
645452.1.peg.1715 71.001 18.174 55.952 66.399 28.047 25.145 79.883 30.065 92.454 74.557 91.29 83.127
645452.1.peg.2975 52.386 83.658 18.034 70.332 42.934 82.567 6.439 25.656 29.761 52.341 79.181 94.923
645452.1.peg.734 96.468 47.59 50.767 64.115 75.449 35.034 8.212 43.58 4.886 48.986 78.622 30.187
645452.1.peg.3698 63.213 2.58 27.739 12.973 10.337 82.27 51.81 71.453 64.581 11.017 40.335 64.988
645452.1.peg.1716 78.651 89.968 30.785 20.05 4.944 61.926 45.337 43.983 71.142 76.752 19.796 15.72
645452.1.peg.1713 52.167 26.946 83.522 92.748 76.978 45.409 23.783 92.958 82.513 5.703 20.558 72.079
645452.1.peg.2290 39.798 68.361 36.119 74.165 69.655 97.65 49.009 57.595 18.131 62.407 69.432 64.924
645452.1.peg.2291 97.454 85.484 53.818 35.525 91.602 21.764 24.89 49.976 10.995 80.64 11.964 11.014
645452.1.peg.3451 22.926 70.978 13.601 58.925 24.404 99.286 39.794 13.373 18.856 23.321 20.986 48.796
645452.1.peg.3452 48.325 82.913 2.658 41.596 41.596 41.171 29.874 45.105 42.555 63.423 77.02 70.708
645452.1.peg.2558 60.034 59.622 14.509 9.658 67.902 19.893 77.001 86.672 61.841 65.267 49.212 54.886
645452.1.peg.136 18.911 85.12 5.437 42.353 83.195 47.879 32.177 81.765 31.653 77.243 27.41 4.46
645452.1.peg.48 12.619 64.835 60.59 23.857 19.234 3.092 97.962 32.507 49.643 26.061 8.794 11.185
645452.1.peg.1604 90.883 38.131 81.324 4.927 4.1 53.839 30.609 4.744 58.793 10.758 65.877 42.431
645452.1.peg.1717 99.119 15.382 10.825 1.07 90.09 59.163 2.027 71.598 95.345 97.756 60.521 82.558
645452.1.peg.3164 26.964 96.22 51.567 5.987 65.678 79.7 31.936 63.742 78.977 67.807 37.291 27.697
645452.1.peg.2093 16.568 1.483 21.727 70.862 66.517 36.641 54.648 85.332 99.256 53.657 68.504 21.248
645452.1.peg.2327 52.949 86.802 27.906 23.672 24.912 73.876 58.545 76.971 40.563 77.812 81.009 51.369
645452.1.peg.1700 74.154 4.586 99.944 67.599 41.95 16.31 24.98 84.126 52.174 72.003 21.105 12.171
645452.1.peg.3041 8.25 78.416 91.443 86.818 61.626 20.171 11.388 25.727 74.212 6.103 2.273 25.423
645452.1.peg.3088 24.464 23.813 13.944 11.07 32.402 88.003 55.337 60.987 73.33 89.205 74.994 10.679
645452.1.peg.1967 86.242 94.579 27.653 39.268 82.014 82.469 74.813 83.085 30.404 18.141 6.976 85.219
645452.1.peg.2803 57.708 19.302 79.273 15.503 23.735 80.863 64.411 19.478 88.5 60.303 42.452 1.992
645452.1.peg.2651 83.143 29.053 18.645 43.593 52.104 58.205 14.294 60.733 48.11 19.939 50.024 69.302
645452.1.peg.949 8.379 93.06 89.638 32.034 85.05 3.145 85.874 38.785 70.732 63.375 5.655 92.72
645452.1.peg.271 81.811 28.116 1.236 99.259 92.731 87.621 43.432 66.581 87.512 6.956 99.869 40.401
645452.1.peg.128 85.586 24.058 28.57 41.861 31.684 80.114 59.259 36.438 9.869 3.091 22.898 30.325
645452.1.peg.2638 61.354 80.589 39.519 74.097 79.006 98.354 51.977 62.972 32.331 27.313 83.977 81.168
645452.1.peg.2640 55.636 37.507 30.787 50.1 64.211 31.205 93.873 33.604 63.213 44.892 15.032 92.812
645452.1.peg.3513 31.341 6.068 38.718 88.353 62.528 74.19 61.097 36.846 84.571 32.212 65.683 86.44
645452.1.peg.3373 98.517 7.743 13.408 16.995 65.698 2.065 14.516 67.969 58.793 8.335 54.598 79.83
645452.1.peg.1244 20.29 57.112 71.243 82.489 75.616 61.04 5.273 77.958 28.66 78.878 64.501 84.986
645452.1.peg.2928 4.783 18.733 52.526 38.962 71.105 40.217 64.163 43.098 74.791 42.092 44.547 72.129
645452.1.peg.2759 37.551 95.176 41.484 16.218 75.221 83.251 69.343 35.235 91.126 29.877 86.395 14.424
645452.1.peg.2642 18.991 60.557 45.249 7.738 3.968 28.872 23.487 41.185 22.259 29.858 56.433 79.42
645452.1.peg.2118 63.075 94.006 96.153 8.295 21.673 40.089 2.824 9.599 62.028 82.901 25.713 14.725
645452.1.peg.3369 7.618 48.538 13.175 81.557 71.943 57.821 56.359 79.868 16.635 58.45 14.059 48.66
645452.1.peg.2431 71.792 57.948 23.222 39.455 84.967 44.364 39.778 55.812 41.676 77.222 82.853 29.72
645452.1.peg.2580 19.913 52.428 77.408 99.606 72.712 32.465 33.22 11.118 93.236 86.384 67.594 33.02
645452.1.peg.3472 90.646 12.675 64.936 4.099 93.977 67.488 71.828 47.546 50.273 71.042 68.637 43.28
645452.1.peg.2579 61.319 42.253 14.521 9.917 24.551 95.015 99.402 35.882 11.82 11.864 48.557 60.993
645452.1.peg.2064 89.845 75.252 19.188 83.202 71.756 44.912 71.37 73.211 20.302 14.786 70.377 60.647
645452.1.peg.2048 49.837 6.175 77.481 90.262 21.72 76.316 94.984 5.282 73.727 54.979 59.577 53.584
645452.1.peg.2063 3.681 83.12 88.693 65.651 83.126 27.131 29.845 20.081 64.763 86.793 12.951 34.816
645452.1.peg.2299 95.059 30.975 74.832 91.079 92.633 47.48 93.282 72.212 16.446 51.222 95.887 3.601
645452.1.peg.3006 88.38 6.593 36.532 34.877 82.749 75.13 11.279 9.389 21.165 64.261 56.323 36.624
645452.1.peg.3007 90.735 95.68 39.308 3.542 66.95 5.912 8.353 97.492 59.307 49.997 18.703 15.38
645452.1.peg.26 85.25 64.918 15.291 75.251 34.03 8.312 58.871 77.998 87.411 45.597 80.644 18.605
645452.1.peg.1802 2.373 66.357 67.999 40.036 42.101 84.769 95.193 85.426 14.894 82.566 74.887 22.291
645452.1.peg.1226 14.074 17.358 82.194 97.511 41.106 21.215 1.841 71.365 5.409 36 18.102 93.353
645452.1.peg.398 35.379 74.587 26.032 41.206 30.944 61.065 40.992 1.959 9.319 61.364 73.637 68.008
645452.1.peg.396 24.185 96.271 7.826 39.801 45.368 92.004 6.538 33.309 47.533 21.201 79.498 16.664
645452.1.peg.2581 50.026 20.063 8.56 18.153 57.735 54.332 18.468 9.367 61.211 40.171 70.338 85.426
645452.1.peg.2022 59.035 50.053 36.625 32.024 14.287 74.714 30.841 90.341 54.847 79.351 70.572 82.997
645462.11.peg.6 52.244 17.444 60.718 18.297 64.869 65.424 91.676 48.503 20.897 83.517 15.04 90.95
645462.11.peg.5 49.767 16.596 72.868 84.016 80.291 50.106 78.976 79.832 49.259 79.349 54.264 66.729
645462.11.peg.1386 68.506 92.568 71.108 56.162 92.922 66.289 36.636 10.119 87.835 87.001 85.312 87.863
645462.11.peg.3142 29.103 78.57 22.007 66.707 41.231 13.344 86.182 34.627 42.594 86.756 64.22 68.161
645462.11.peg.2469 38.432 26.749 20.164 43.968 90.018 22.926 83.132 18.549 89.822 90.767 10.756 38.558
645462.11.peg.3377 55.966 96.323 71.13 22.795 65.821 69.601 68.211 74.591 63.231 8.103 94.263 65.407
645462.11.peg.2383 2.06 12.865 25.945 49.624 6.057 58.562 94.845 24.63 17.935 70.337 59.105 25.45
645462.11.peg.2059 54.41 84.517 44.296 24.773 35.964 59.133 24.346 33.04 5.379 36.04 55.276 78.656
645462.11.peg.1171 25.571 81.941 43.515 65.944 26.992 40.011 11.485 54.052 82.088 4.526 69.185 99.226
645462.11.peg.3700 29.847 36.404 99.636 7.066 64.235 54.416 68.272 44.197 8.851 14.987 27.293 43.74
645462.11.peg.3246 29.89 92.239 75.826 13.872 41.431 23.814 37.633 13.925 76.95 47.093 29.522 77.23
645462.11.peg.1218 27.421 29.085 84.021 71.211 51.652 76.926 64.431 2.425 90.671 48.412 65.736 64.592
645462.11.peg.3553 59.436 51.376 22.647 20.001 75.666 12.893 28.854 9.24 45.58 48.097 18.155 90.457
645462.11.peg.1217 31.255 62.417 84.094 22.78 30.214 92.697 30.22 99.722 21.987 34.721 12.11 84.215
645462.11.peg.1196 33.324 38.038 72.185 45.529 46.286 45.273 57.984 2.589 44.729 42.624 97.055 14.658
645462.11.peg.1 30.119 12.875 60.838 37.661 7.99 47.847 9.427 62.609 52.633 42.299 39.257 62.046
645462.11.peg.16 90.205 92.919 77.506 90.794 76.499 98.945 80.161 90.92 50.991 17.361 53.144 46.87
645462.11.peg.360 37.814 37.771 53.35 88.989 30.364 73.833 64.173 82.085 8.322 50.485 54.28 11.567
645462.11.peg.2 57.412 88.067 2.257 36.185 5.012 93.336 55.487 34.135 79.387 29.749 71.72 94.392
645462.11.peg.2580 24.496 76.433 12.774 7.428 41.419 6.153 90.095 40.128 49.236 41.676 86.782 67.49
645462.11.peg.3501 13.67 38.874 61.197 94.559 36.621 35.453 70.624 38.81 50.635 49.381 43.231 92.154
645462.11.peg.3324 30.001 46.538 22.534 55.48 51.18 77.031 23.049 46.463 18.889 58.913 17.271 9.236
645442.1.peg.3548 71.592 62.609 60.793 99.11 59.763 79.295 12.224 44.481 93.905 71.773 96.792 86.972
645442.1.peg.78 52.185 10.472 1.945 68.853 63.518 47.276 1.3 14.464 83.041 86.793 11.4 17.103
645442.1.peg.79 87.735 84.111 63.359 84.56 52.341 86.973 40.763 40.163 20.816 95.461 98.621 5.671
645442.1.peg.74 15.939 39.453 74.355 74.928 10.207 35.438 47.131 8.718 36.523 32.738 43.776 96.889
645442.1.peg.3579 52.42 90.846 15.842 37.244 92.253 17.316 52.857 2.995 4.896 87.793 2.015 87.159
645442.1.peg.45 23.803 77.116 75.897 29.754 79.038 96.433 45.776 54.28 67.339 33.546 88.485 14.619
645442.1.peg.76 5.527 51.245 56.419 47.208 48.966 97.38 3.027 21.292 35.752 63.307 48.138 66.61
645442.1.peg.75 32.777 67.68 97.246 35.848 14.996 87.726 87.515 24.519 41.636 34.12 17.001 85.573
645442.1.peg.3480 40.411 15.062 38.074 11.872 88.321 66.669 39.298 6.599 63.979 59.386 83.836 84.37
645442.1.peg.2221 47.846 42.638 48.475 39.565 97.043 96.145 62.275 85.476 1.122 6.802 31.106 94.41
645442.1.peg.428 87.176 86.5 52.661 66.851 1.669 54.267 53.947 56.447 46.399 32.878 40.204 1.38
645442.1.peg.2572 37.991 74.128 81.792 51.171 79.496 45.824 45.311 32.187 18.99 81.079 7.239 40.561
645442.1.peg.657 87.375 86.758 83.978 70.403 67.616 25.971 60.241 94.823 27.276 95.392 84.226 74.956
645442.1.peg.1060 73.434 93.894 6.651 27.656 8.432 64.518 86.359 70.555 81.928 92.719 51.499 55.334
645442.1.peg.68 15.562 57.999 48.407 63.409 95.359 80.783 20.266 9.663 20.05 47.891 3.523 34.533
645442.1.peg.80 68.134 86.564 51.153 8.584 50.557 51.592 77.777 69.683 15.008 54.864 24.945 37.186
645442.1.peg.2506 83.953 73.588 39.478 32.388 89.785 77.374 22.167 79.174 86.712 46.48 41.519 95.02
645442.1.peg.2120 14.886 23.053 29.598 18.411 61.574 4.766 42.061 90.828 23.292 43.599 2.878 68.676
645442.1.peg.2430 69.88 2.248 9.486 20.448 95.165 29.349 94.706 92.913 8.539 30.02 52.156 18.841
645442.1.peg.99 89.249 23.355 30.643 66.906 50.714 70.195 49.456 77.121 64.477 1.497 44.97 66.415
645442.1.peg.576 50.456 27.676 87.224 20.659 74.073 18.002 86.778 53.032 14.151 7.003 70.509 28.342
645442.1.peg.448 4.065 8.933 30.218 25.214 46.925 81.761 48.839 17.654 45.847 65.225 58.878 54.662
645442.1.peg.3556 69.138 31.45 5.478 17.286 98.291 57.782 39.037 3.478 46.182 82.807 27.468 93.236
645442.1.peg.71 81.232 98.913 98.38 87.006 73.61 53 58.547 35.058 5.459 18.35 16.51 37.011
645442.1.peg.2568 2.253 84.179 28.108 5.813 92.254 57.056 13.759 81.852 2.645 52.049 93.804 36.667
645442.1.peg.2628 67.022 32.635 22.932 92.03 84.015 57.386 35.039 43.235 2.099 38.868 65.996 31.762
645442.1.peg.17 66.307 31.484 66.875 74.836 31.253 12.973 95.773 37.744 10.212 94.114 92.627 56.086
645442.1.peg.57 64.447 73.918 31.247 37.451 40.531 11.694 6.507 74.85 79.639 14.155 8.562 33.233
645442.1.peg.3709 32.153 18.664 73.698 13.798 61.604 12.276 42.854 57.093 18.884 91.072 69.398 32.453
645442.1.peg.18 86.816 9.78 24.792 45.067 65.309 35.755 69.623 64.01 81.242 25.227 7.413 2.707
645442.1.peg.62 26.505 30.116 29.133 64.423 44.151 34.181 95.55 82.589 65.357 1.786 24.854 20.887
645442.1.peg.2455 7.201 61.419 59.484 77.769 34.227 89.906 39.388 21.306 37.787 49.57 78.223 20.028
645442.1.peg.662 97.868 93.076 46.853 98.77 10.088 17.595 70.246 97.801 59.299 81.15 80.439 60.367
645442.1.peg.663 68.966 38.689 9.588 90.513 16.359 48.363 57.745 81.519 22.816 75.931 83.762 70.821
645442.1.peg.976 29.463 57.435 72.099 49.591 92.045 29.026 18.514 1.244 82.608 55.385 69.859 60.998
645442.1.peg.4 51.464 97.548 71.585 4.157 80.131 20.137 81.114 49.147 99.104 15.755 9.165 18.089
645442.1.peg.2747 31.357 50.286 36.578 84.156 1.077 81.468 92.885 7.491 58.371 50.481 99.31 56.844
645442.1.peg.98 63.432 11.156 56.341 39.969 63.361 31.029 56.917 25.953 75.922 22.205 24.792 20.533
645442.1.peg.63 71.76 2.926 29.18 60.541 71.778 65.926 8.864 14.785 59.556 50.243 61.237 84.578
645442.1.peg.42 8.211 74.747 89.524 32.604 9.918 67.687 47.152 74.277 3.164 81.086 81.517 21.009
645442.1.peg.2415 74.162 85.526 95.837 61.393 40.316 16.085 92.23 81.865 75.736 44.048 43.335 12.673
645442.1.peg.3571 1.921 72.273 4.839 49.387 10.21 4.435 57.603 89.05 79.934 96.266 93.454 42.682
645442.1.peg.72 99.555 49.127 32.102 23.92 76.98 49.448 6.185 11.339 78.049 70.709 62.426 67.383
645442.1.peg.261 56.648 9.389 83.29 59.105 85.808 87.736 67.633 16.426 38.046 38.833 25.912 64.429
645442.1.peg.3434 58.868 29.379 33.864 66.298 32.14 14.461 38.674 96.66 26.294 12.041 9.835 64.519
645442.1.peg.83 58.56 86.029 35.373 67.48 64.874 43.871 40.068 8.945 55.717 91.728 22.874 92.708
645442.1.peg.87 61.293 56.78 52.181 20.837 3.028 25.893 26.738 25.033 68.384 6.615 96.819 76.356
645442.1.peg.90 98.726 40.191 85.905 66.163 19.782 21.191 67.136 49.676 39.99 45.485 67.131 34.633
645442.1.peg.2729 20.237 48.799 25.611 29.573 51.928 78.797 89.156 67.702 52.428 96.17 98.524 75.873
645442.1.peg.194 32.117 22.899 29.334 54.947 39.023 41.132 26.021 35.495 96.995 43.49 43.449 54.95
645442.1.peg.43 80.939 1.951 62.36 7.042 22.608 86.828 32.019 41.326 29.176 63.491 96.155 43.428
645442.1.peg.3258 41.2 81.893 16.85 35.675 82.477 34.346 68.247 77.32 2.901 96.618 53.002 93.934
645442.1.peg.61 64.371 46.913 74.955 12.674 16.185 8.115 34.106 11.119 56.519 24.742 78.902 49.176
645442.1.peg.85 68.841 73.741 24.006 99.971 23.177 25.423 82.282 22.298 33.175 13.485 60.727 55.136
645442.1.peg.1228 54.447 9.195 18.656 28.906 26.5 45.287 54.559 62.308 45.451 60.477 62.727 49.42
645442.1.peg.2458 22.614 31.278 58.787 36.68 93.255 71.157 10.172 9.338 43.866 84.852 69.447 47.1
645442.1.peg.2414 95.916 19.626 14.786 61.92 59.184 95.422 21.774 3.844 30.774 57.6 74.138 5.044
645442.1.peg.10 59.069 82.379 76.808 75.162 62.462 9.827 95.028 84.351 74.655 44.139 80.49 55.859
645442.1.peg.3685 43.464 75.376 60.46 92.503 79.853 40.912 16.304 77.451 6.936 53.562 4.703 1.158
645442.1.peg.578 67.477 50.313 57.605 13.249 36.037 79.788 38.344 86.874 76.511 47.875 84.638 29.813
645442.1.peg.179 3.446 30.299 70.646 74.403 61.991 80.662 86.753 47.268 15.444 62.324 92.287 77.512
645442.1.peg.97 57.547 57.054 57.345 4.995 17.522 2.611 98.354 2.6 48.845 83.656 74.667 59.74
645442.1.peg.175 49.084 89.974 29.028 29.001 5.714 36.884 50.698 1.703 49.396 89.409 12.142 62.478
645442.1.peg.12 87.569 64.739 93.577 54.408 87.575 91.757 80.229 25.16 49.823 4.144 38.244 31.086
645442.1.peg.1062 53.01 78.795 57.519 89.687 82.736 36.014 82.891 73.114 77.578 55.321 49.03 37.986
645452.1.peg.3222 80.825 25.204 83.153 42.54 30.639 50.551 4.488 76.501 83.237 7.148 57.47 75.945
645452.1.peg.2503 9.619 23.682 66.871 72.66 63.025 13.323 4.413 99.56 61.481 25.688 78.091 68.864
645452.1.peg.3033 26.728 69.709 77.69 71.044 78.75 76.625 93.65 62.29 76.442 76.386 54.021 23.639
645452.1.peg.1758 79.255 99.418 52.299 28.583 20.359 22.742 17.744 71.119 60.434 42.22 25.098 41.816
645452.1.peg.2153 70.037 8.55 66.82 72.871 25.759 83.842 16.629 99.358 38.328 57.909 40.807 41.954
645452.1.peg.2281 89.569 64.457 94.914 76.874 81.25 73.932 71.445 29.286 8.545 95.259 20.975 23.785
645452.1.peg.1718 1.022 15.873 38.933 86.806 16.1 64.767 84.474 90.009 14.872 30.106 75.548 93.362
645452.1.peg.3050 48.543 41.003 49.041 16.801 48.727 18.793 30.377 6.713 60.261 28.787 75.317 9.132
645452.1.peg.624 77.922 68.428 90.208 69.008 2.213 81.558 72.204 38.81 68.061 1.579 2.652 4.556
645452.1.peg.2451 67.368 39.129 33.304 15.128 26.801 25.694 87.382 26.572 91.506 2.054 25.343 7.469
645452.1.peg.1377 72.652 16.998 2.808 19.902 21.779 96.849 54.838 43.501 96.974 65.901 95.882 49.805
645452.1.peg.1424 11.55 51.914 48.838 51.371 32.243 79.086 83.64 84.858 18.982 98.307 32.834 71.052
645452.1.peg.3708 17.409 29.063 65.132 2.812 60.466 53.296 36.875 98.051 77.741 65.398 25.698 89.435
645452.1.peg.178 38.976 3.726 90.463 96.214 50.987 81.392 43.506 52.614 9.073 46.329 92.605 41.892
645452.1.peg.66 22.371 40.917 15.032 92.421 52.86 4.177 8.826 99.847 82.351 25.647 98.121 95.504
645452.1.peg.169 53.768 97.115 55.374 81.678 27.447 36.854 17.132 19.112 83.018 29.22 48.834 72.674
645452.1.peg.65 5.023 62.719 44.049 69.716 13.904 2.665 72.979 94.568 48.279 59.073 12.852 23.049
645452.1.peg.1220 33.714 64.492 99.368 73.045 22.733 30.215 69.864 44.836 84.356 50.018 93.439 40.404
